Assembly_ID	Assembly_Name	BGC_Count	Genome_Size	BGC_Genome_Prop	Metallophore_Genome_Prop	NRPS_Genome_Prop	PKS_Genome_Prop
GCA_027600675	Phlyctochytrium_planicorne_GCA_027600675	5	30009547	0.005910252493981332	0.0	0.0032870206271357577	0.0
GCA_000392275	Phaeoacremonium_minimum_UCRPA7_GCA_000392275	26	47382814	0.031015000502080777	0.0	0.00950975600562685	0.011030708307024567
GCA_003016335	Corynespora_cassiicola_Philippines_GCA_003016335	66	44846156	0.09893015133783149	0.0019007203203770687	0.03067388874979608	0.044960219109972326
GCA_025602915	Paraphysoderma_sedebokerense_GCA_025602915	5	27876074	0.006263328186027917	0.0005429387222892292	0.002863100449510932	0.0
GCA_001600175	Erythrobasidium_yunnanense_GCA_001600175	5	20930538	0.010396053842476482	0.0	0.005972230623025552	0.0
GCA_025201725	Chytriomyces_sp._MP71_GCA_025201725	7	36383760	0.005711064496907411	0.0	0.001191053371064453	0.0
GCA_003086735	Smittium_simulii_GCA_003086735	4	43895903	0.0020155639582126834	0.00024330288865455165	0.0010251526207354705	0.0
GCA_000836135	Taphrina_wiesneri_JCM_22204_GCA_000836135	9	13060076	0.03448012094263464	0.0	0.024970758209982853	0.0
GCA_025765595	Obelidium_mucronatum_GCA_025765595	9	49458483	0.010353532274736368	0.0	0.008432729325725578	0.001421131335548646
GCA_025602895	Polychytrium_aggregatum_GCA_025602895	64	64917104	0.06606605556526367	0.0	0.062099504623619683	0.0
GCA_002162545	Monilinia_fructicola_GCA_002162545	44	44448065	0.07154043713713971	0.0018508117282495875	0.02547825197789825	0.029046506298980618
GCA_000328475	Ustilago_maydis_521_GCA_000328475	13	19664356	0.03637998620448084	0.0	0.02977819360064474	0.00335775043942451
GCA_003988945	Chaetoscypha_palmicola_GCA_003988945	45	40691658	0.04741116717337986	0.0020538853442639273	0.01588792474369071	0.025559391067328838
GCA_001574975	Gonapodya_prolifera_JEL478_GCA_001574975	5	48794828	0.004022311544985874	0.0	0.001337272876543391	0.0
GCA_002368545	Ramichloridium_luteum_GCA_002368545	34	28127581	0.0784902192620119	0.0	0.03629298943268531	0.028298060896171626
GCA_003385255	Corinectria_fuckeliana_GCA_003385255	42	38870132	0.055130865004523265	0.0010623066574613124	0.03196626654110668	0.027289745247070424
GCA_001619985	Xylona_heveae_TC161_GCA_001619985	27	24337763	0.0666729312796743	0.0035830326723125705	0.030345845672011845	0.026792971893102913
GCA_000354255	Bipolaris_maydis_ATCC_48331_GCA_000354255	65	32924323	0.11649427081613796	0.002605642035524922	0.03864550229324381	0.04822856949860442
GCA_002572855	Emmonsia_crescens_GCA_002572855	17	33754519	0.032528266807771725	0.0024231422168984247	0.019592309995589034	0.0032964475067767964
GCA_002105135	Syncephalastrum_racemosum_GCA_002105135	13	30744882	0.017538301171557594	0.0011156003135741421	0.01198973539726059	0.0
GCA_001692915	Glonium_stellatum_GCA_001692915	56	40371131	0.043800209610179115	0.0014093734455940805	0.016313513733365557	0.017025160875478073
GCA_026937265	Coelomomyces_lativittatus_GCA_026937265	3	21496889	0.0006321379805236004	0.0003032997007148337	0.0003032997007148337	0.0
GCA_001600815	Alloascoidea_hylecoeti_GCA_001600815	6	24806191	0.011103397534913764	0.0	0.009826417929298375	0.0
GCA_000836295	Verruconis_gallopava_GCA_000836295	19	31780469	0.040684704810366394	0.002468119649209708	0.010367845735693831	0.009787646620318913
GCA_000708205	Mixia_osmundae_IAM_14324_GCA_000708205	9	13597446	0.03045152744125625	0.0	0.01872483994420717	0.0
GCA_900290415	Podospora_comata_GCA_900290415	35	34385490	0.07260405479171593	0.004672814027079445	0.030774783200704717	0.041237306782599285
GCA_000235945	Homolaphlyctis_polyrhiza_JEL_142_GCA_000235945	4	21949699	0.00546982443813922	0.0	0.0025954797831168434	0.0
GCA_000349385	Eutypa_lata_UCREL1_GCA_000349385	66	53691731	0.060854342729237024	0.0	0.02386488526510721	0.03368667700432307
GCA_025558095	Hyaloraphidium_curvatum_GCA_025558095	6	31926619	0.00763579131257212	0.0	0.0036627429919842123	0.0
GCA_027600685	Geranomyces_variabilis_GCA_027600685	15	23613044	0.030675037068494854	0.0007093113450345496	0.021905604376970627	0.005733229481129159
GCA_000721755	Aureobasidium_subglaciale_EXF-2481_GCA_000721755	31	25796716	0.07505118093326298	0.0014291353984747517	0.035574915814865736	0.027299715204059306
GCA_900073065	Phialocephala_subalpina_GCA_900073065	79	69693031	0.07899746819735821	0.0012060746791167686	0.0245141583812017	0.024514646234858117
GCA_004335205	Ascochyta_viciae-villosae_GCA_004335205	39	44570443	0.04746605278300689	0.001118072799949509	0.022131236164738142	0.017816134338175638
GCA_027604685	Lobulomyces_angularis_GCA_027604685	7	24944094	0.008381583231686026	0.0	0.004814005271147551	0.0
GCA_027600665	Irineochytrium_annulatum_GCA_027600665	13	36839710	0.01230905455010368	0.0	0.010960835468031643	0.005687694067081419
GCA_002778095	Fragosphaeria_purpurea_GCA_002778095	24	34748420	0.0459668957610159	0.0	0.021843726995356912	0.016980138953080457
GCA_001661345	Ascoidea_rubescens_DSM_1968_GCA_001661345	2	17503998	0.004096092789772942	0.0	0.0023013028223609257	0.0
GCA_027603645	Gaertneriomyces_sp._JEL0708_GCA_027603645	6	20557201	0.016363998192166336	0.0	0.011753059183494874	0.005121319775002443
GCA_002916505	Tolypocladium_paradoxum_GCA_002916505	37	27391905	0.06419392882678294	0.0008877805322411858	0.02880179381463246	0.022947838056535316
GCA_027602005	Geranomyces_michiganensis_GCA_027602005	14	23465858	0.030598028846846342	0.0005298762142002223	0.02282861338375098	0.007518881261448015
GCA_000151315	Capsaspora_owczarzaki_ATCC_30864_GCA_000151315	7	27967784	0.009690256475092914	0.0	0.0046440218502831684	0.0
GCA_002591845	Epichloe_elymi_GCA_002591845	32	24537119	0.0671342466896786	0.0	0.03821834177027873	0.02250745085435662
GCA_000151645	Tuber_melanosporum_GCA_000151645	8	124945702	0.003613153496068236	0.00071824799543725	0.0023238494430164553	0.001108425482294701
GCA_000182565	Spizellomyces_punctatus_DAOM_BR117_GCA_000182565	13	24131112	0.031715239645814915	0.0032703424525152426	0.026200864676273517	0.0028852793853843123
GCA_003795315	Valsa_malicola_GCA_003795315	60	38219830	0.10068197582249842	0.0	0.03148868009093709	0.05038865949953205
GCA_027604505	Gonapodya_sp._JEL0774_GCA_027604505	5	35595249	0.005324137499361221	0.0	0.001834711143613576	0.0
GCA_003833135	Oehlia_diaphana_GCA_003833135	9	165685719	0.0018457595612087726	0.00010373857266479315	0.000976964103949116	0.0
GCA_002865625	Hyaloscypha_hepaticicola_GCA_002865625	45	57408471	0.05714405806069979	0.0014657244572843615	0.012664907936670182	0.016277423587888275
GCA_000149305	Rhizopus_delemar_RA_99-880_GCA_000149305	15	46148878	0.014516669289337869	0.0003722950750828655	0.009819892045912796	0.0
GCA_025399235	Backusella_circina_FSU_941_GCA_025399235	13	48648288	0.010045965029642976	0.00035546985743876536	0.006960758824647642	0.0
GCA_003706495	Cephaloascus_albidus_GCA_003706495	3	16058220	0.0054309879924425	0.0	0.002438439627804327	0.0
GCA_002261195	Bifiguratus_adelaidae_GCA_002261195	10	19431292	0.016606770151979602	0.0008742599308373319	0.008761537832893459	0.0009775984015885305
GCA_027604305	Chytridiales_sp._JEL_0842_GCA_027604305	8	26948520	0.0062335890802166505	0.0	0.004607674187673386	0.0003324115758490633
GCA_000812075	Scedosporium_aurantiacum_GCA_000812075	31	39702988	0.043353966205263945	0.0	0.01997988161495553	0.01981586373297647
GCA_027604065	Clydaea_vesicula_GCA_027604065	7	24650228	0.004437606013218214	0.0	0.0015292353482491115	0.0
GCA_027596945	Physocladia_obscura_GCA_027596945	14	44088251	0.004938708047184725	0.0	0.003666260201612443	0.0012031096447894928
GCA_027604365	Rhizoclosmatium_sp._JEL0117_GCA_027604365	6	30544921	0.00633722378918577	0.0	0.002896258923046486	0.002275926658968933
GCA_003264845	Cryphonectria_radicalis_GCA_003264845	59	43340139	0.08551474650323572	0.001270115908026968	0.02196543485935751	0.048141100793423854
GCA_002104985	Rhizoclosmatium_globosum_GCA_002104985	10	57017234	0.009521664975891325	0.0	0.006627119091746892	0.001218947239706507
GCA_027604705	Allomyces_arbusculus_GCA_027604705	6	26482826	0.006855310683232975	0.0012874758909793087	0.003730908476308382	0.0
GCA_003788565	Ascobolus_immersus_RN42_GCA_003788565	14	59529874	0.01452563128220295	0.0015632151346397945	0.0040587520813499455	0.003301199663214473
GCA_000149865	Batrachochytrium_dendrobatidis_JEL423_GCA_000149865	5	23897668	0.011217789116494547	0.0	0.008271016234722149	0.0
GCA_002083745	Rhizopus_microsporus_var._microsporus_GCA_002083745	13	24950816	0.017617459885881086	0.0006898772368807497	0.007291144305661186	0.0
GCA_002081935	Ustulina_deusta_GCA_002081935	105	46521940	0.11626696995009236	0.0	0.0377093904510431	0.05357162663465883
GCA_027604665	Polyrhizophydium_stewartii_GCA_027604665	13	23302980	0.004853156119946891	0.0	0.002542164135230773	0.0
GCA_025558075	Gaertneriomyces_semiglobifer_GCA_025558075	6	20918219	0.016361622373300518	0.0	0.011830070236859076	0.0050387176843305825
GCA_001563115	Colletotrichum_nymphaeae_SA-01_GCA_001563115	70	49683249	0.07859077412590308	0.0	0.027268566916789198	0.033130844562923006
GCA_027604625	Blyttiomyces_sp._JEL0837_GCA_027604625	6	46463402	0.0011890433679393516	0.0	0.0002830184496606598	0.0
GCA_025602905	Phlyctochytrium_arcticum_GCA_025602905	8	31548172	0.012747458077761209	0.0	0.008734642374841877	0.0
GCA_000385595	Neofusicoccum_parvum_UCRNP2_GCA_000385595	55	42475305	0.0664081399768642	0.0	0.027318979816625212	0.025496979951056268
GCA_001557505	Reticulascus_tulasneorum_GCA_001557505	46	42868360	0.0923253187199137	0.0	0.0470207164444826	0.05905087108534127
GCA_002214945	Rhizophlyctis_rosea_GCA_002214945	10	46846657	0.006539079191926118	0.0	0.002525623119703077	0.0
GCA_001270325	Talaromyces_purpureogenus_GCA_001270325	46	38818708	0.07083566511281107	0.0030860893154919015	0.03215547513843068	0.03224821392819153
GCA_000225545	Orbilia_oligospora_ATCC_24927_GCA_000225545	21	40072829	0.027530225031030378	0.0023576573543135676	0.009862692748745041	0.006483021201223403
GCA_000732205	Verticillium_tricorpus_MUCL_9792_GCA_000732205	31	36055369	0.057929375233963076	0.0	0.02235178899431039	0.025175945363365995
GCA_027604245	Boothiomyces_sp._JEL0838_GCA_027604245	6	12849375	0.013265547935210856	0.0	0.0070342720949462525	0.0
GCA_002374405	Metschnikowia_cubensis_GCA_002374405	3	20365800	0.006216451109212503	0.0	0.0031508705771440357	0.0
GCA_000338955	Baudoinia_panamericana_UAMH_10762_GCA_000338955	21	21875620	0.05912801557167294	0.00378220137303537	0.024093991393158227	0.006073153583761283
GCA_002006685	Batrachochytrium_salamandrivorans_GCA_002006685	4	73346731	0.002388559075659418	0.0	0.0015543296673985376	0.0
GCA_003184365	Evernia_prunastri_GCA_003184365	84	40319140	0.12623044539144437	0.00040263755625740034	0.03932856702796736	0.06958174207088742
GCA_000002945	Schizosaccharomyces_pombe_GCA_000002945	4	12591251	0.018552088271451342	0.0	0.016059643318999835	0.0
GCA_025201845	Martensiomyces_pterosporus_GCA_025201845	6	19815802	0.007421703143783935	0.0016014491868661183	0.0034333205388305758	0.0
GCA_027604165	Chytriomyces_hyalinus_GCA_027604165	11	29776287	0.012400572307756168	0.0	0.008151822287312049	0.0017272133359004767
GCA_000002525	Yarrowia_lipolytica_CLIB122_GCA_000002525	3	20502981	0.009081508684029897	0.0	0.003133300469819486	0.0
GCA_003614755	Syncephalis_pseudoplumigaleata_GCA_003614755	5	16263107	0.005640066193993558	0.000428392926394692	0.001848355298898298	0.0
GCA_000226115	Thermothielavioides_terrestris_NRRL_8126_GCA_000226115	29	36912256	0.05666489200768438	0.0	0.013696101370775062	0.027577859234613023
GCA_002104995	Linderina_pennispora_GCA_002104995	6	26202545	0.007287231068585131	0.0012746853406796935	0.003725515975642824	0.0
GCA_003990805	Paecilomyces_variotii_GCA_003990805	35	30833540	0.07094245422355007	0.002575247603745791	0.033448867694076	0.019353891898238086
GCA_000203795	Batrachochytrium_dendrobatidis_JAM81_GCA_000203795	4	24315081	0.007932895637896497	0.0	0.005358032736966823	0.0
GCA_002104975	Neocallimastix_californiae_GCA_002104975	33	193030081	0.01056170100244635	0.0	0.0071301892061061715	0.0030965640013382164
GCA_900120095	Microbotryum_silenes-dioicae_GCA_900120095	5	33586740	0.006781902619902974	0.0	0.003862506453439661	0.0
GCA_003144135	Pseudomicrostroma_glucosiphilum_GCA_003144135	7	17184282	0.018447032002850045	0.0	0.012864081257511952	0.0
GCA_002104945	Piromyces_finnis_GCA_002104945	10	56455805	0.01109290709786177	0.0	0.0031972974258360144	0.00848800225238131
GCA_000950595	Mucor_ambiguus_GCA_000950595	11	40737472	0.0103941403138614	0.00035871150767529216	0.005014302311149793	0.0
GCA_003671545	Ophiognomonia_clavigignenti-juglandacearum_GCA_003671545	97	51191022	0.10374885658661005	0.0015319287823556248	0.037691648351931714	0.047704712752169705
GCA_027603945	Terramyces_sp._JEL0728_GCA_027603945	10	15585454	0.01885950835952549	0.0	0.012924166341256404	0.0
GCA_002705745	Coemansia_reversa_NRRL_1564_GCA_002705745	4	21837878	0.006666536006840957	0.0007082647865328307	0.003645912849224636	0.0
GCA_003614705	Blyttiomyces_helicus_GCA_003614705	3	46468220	0.0005947505628577982	0.0	0.0	0.0
GCA_900119595	Hanseniaspora_guilliermondii_GCA_900119595	3	9037850	0.013116172541035755	0.0	0.007092173470460342	0.0
GCA_000388065	Fonticula_alba_GCA_000388065	3	31295307	0.0036395872390707017	0.0005567927485101839	0.0005567927485101839	0.002088140563695381
GCA_027604465	Kappamyces_sp._JEL0829_GCA_027604465	3	11695702	0.009892950418880372	0.0	0.007248987705056097	0.0
GCA_003574815	Aspergillus_spinulosporus_GCA_003574815	53	31240091	0.11599441243625058	0.0	0.058318940236121594	0.061655486214812885
GCA_000516985	Pestalotiopsis_fici_W106-1_GCA_000516985	92	51910726	0.11790686572173928	0.0015815806544489477	0.04354260042519922	0.0425760179119822
GCA_027603065	Geranomyces_variabilis_GCA_027603065	16	24136728	0.036078626730184804	0.0006880800081933226	0.025528025173917526	0.009000722881742711
GCA_027604085	Chytriomyces_hyalinus_GCA_027604085	11	28403704	0.013330092441464677	0.0	0.010308831552391899	0.0024849928023471866
GCA_002104905	Basidiobolus_meristosporus_CBS_931.73_GCA_002104905	34	89489060	0.017706276052067146	0.0003664470271561686	0.014274605186376972	0.0008434438801793202
GCA_000697455	Basidiobolus_heterosporus_B8920_GCA_000697455	25	30099773	0.0069522118987408975	0.0	0.005103859088904092	0.0
GCA_000442015	Rozella_allomycis_CSF55_GCA_000442015	1	11606568	0.0008471065693148914	0.0	0.0	0.0
GCA_027601485	Geranomyces_variabilis_GCA_027601485	14	23750802	0.03189605976252928	0.0008169408342505655	0.023045537578057364	0.0072533971694934765
GCA_027604545	Entophlyctis_sp._JEL0112_GCA_027604545	7	26962913	0.00762417621567818	0.0	0.002828626120627248	0.0
GCA_001599975	Cystobasidiopsis_lactophilus_GCA_001599975	8	22180604	0.019229909158470167	0.0	0.011760906060087452	0.0027585813262794826
GCA_025449115	Chytridium_lagenaria_GCA_025449115	6	42380874	0.0073784698257992505	0.0020876162204677517	0.005125708356085341	0.0
GCA_027596035	Thoreauomyces_humboldtii_GCA_027596035	15	26328562	0.015744194460753307	0.0021549220956313528	0.012848024134398225	0.002550955878258752
GCA_002240705	Elaphomyces_granulatus_GCA_002240705	35	54151623	0.010798272842163937	0.0	0.00366014883801359	0.005605169026974501
GCA_000261425	Cladosporium_sphaerospermum_UM_843_GCA_000261425	21	26888685	0.047363342610469795	0.0030846060340994734	0.02936551192443959	0.013410176064764788
GCA_025399195	Umbelopsis_ramanniana_AG_GCA_025399195	11	23077072	0.018784488777432422	0.0007528251417684184	0.01051398548308035	0.0
GCA_001600455	Endocalyx_cinctus_GCA_001600455	86	44773950	0.150857295369294	0.0025576925868725005	0.06082641803995403	0.08578242482514944
GCA_025526955	Gorgonomyces_haynaldii_GCA_025526955	4	13983420	0.01126634256855619	0.0	0.004584643813888162	0.0
GCA_002105025	Clohesyomyces_aquaticus_GCA_002105025	66	49677730	0.08460346316146088	0.0013097619396055336	0.023268816832009032	0.03315521864626262
GCA_017911155	Olpidium_bornovanus_GCA_017911155	1	28242639	0.00012325335461746333	0.00012325335461746333	0.00012325335461746333	0.0
GCA_002105095	Pseudomassariella_vexata_GCA_002105095	65	44711451	0.09995264971382835	0.0	0.026088350387018306	0.05431673420752997
GCA_027595885	Globomyces_sp._JEL0801_GCA_027595885	16	16104292	0.020950377700553368	0.0006223185719682678	0.01747571392769083	0.0
GCA_000151295	Allomyces_macrogynus_ATCC_38327_GCA_000151295	10	57060573	0.005773426074778464	0.0011928201281820286	0.0035166488776760094	0.0
GCA_000003515	Uncinocarpus_reesii_1704_GCA_000003515	23	22348036	0.06778090029924777	0.005548630761110283	0.03717306523043009	0.027143638036022495
GCA_006535955	Synchytrium_endobioticum_GCA_006535955	4	21483073	0.006346019491717968	0.0	0.0036605563831580332	0.0
GCA_025603075	Neoconidiobolus_thromboides_FSU_785_GCA_025603075	6	24635576	0.00827011310797036	0.0006357472624143231	0.005790041198955527	0.0
GCA_006536005	Powellomyces_hirtus_GCA_006536005	11	26238698	0.021466995046781664	0.005073765474186257	0.016648158380419636	0.0
GCA_000442125	Gyalolechia_flavorubescens_KoLRI002931_GCA_000442125	41	34467317	0.08959017610799239	0.002540609702809186	0.039787953324014164	0.04456891727313733
GCA_001566295	Microdochium_bolleyi_GCA_001566295	45	38835037	0.07247094936461629	0.002075883177348331	0.03346086679407567	0.029356068335920475
GCA_027603655	Entophlyctis_luteolus_GCA_027603655	8	25900143	0.006749885512215126	0.0	0.002941450941023762	0.0
GCA_000002865	Monosiga_brevicollis_MX1_GCA_000002865	4	41633360	0.003841294577233257	0.0	0.0	0.0014995907128322096
GCA_027596175	Rhizoclosmatium_hyalinum_GCA_027596175	1	23448094	0.00014956439529797177	0.0	0.0	0.00014956439529797177
GCA_001692735	Lepidopterella_palustris_CBS_459.81_GCA_001692735	40	45668136	0.03643387152915547	0.001871195268403335	0.013507514298372065	0.014408952447719784
GCA_001661425	_Candida__arabinofermentans_NRRL_YB-2248_GCA_001661425	3	13233932	0.009659714134846696	0.0	0.00484889902713721	0.0
GCA_003019895	Coniella_lustricola_GCA_003019895	44	36564510	0.07417252412243457	0.0	0.022709780604197895	0.030493174939305902
GCA_002927785	Cladonia_uncialis_GCA_002927785	68	32851544	0.08078947522223004	0.0	0.016632368938275778	0.047443006027357494
GCA_027600645	Nowakowskiella_sp._JEL0407_GCA_027600645	8	22616348	0.013072800259352218	0.0	0.006424600470420777	0.0017842845361240461
GCA_001481775	Trichoderma_gamsii_GCA_001481775	46	37908251	0.08277248137879006	0.0020841109235031708	0.047579166867920124	0.03358305821073096
GCA_002104895	Anaeromyces_robustus_GCA_002104895	37	71677735	0.030546877632224287	0.0	0.026594925188414505	0.003497083159784555
GCA_027602705	Geranomyces_variabilis_GCA_027602705	15	23392803	0.029812331596175114	0.0007100901931247829	0.02188083232265924	0.004850594432826199
GCA_003707925	Zygoascus_ofunaensis_GCA_003707925	4	13047508	0.01187744050434765	0.0	0.00491841047347892	0.0
GCA_003049485	Ophioceras_dolichostomum_GCA_003049485	33	42875799	0.0400331431724456	0.0	0.013114554436641519	0.01962291128382237
GCA_002105105	Protomyces_lactucae-debilis_GCA_002105105	6	12928838	0.020574702846458435	0.0	0.01089107930658579	0.0
GCA_000182925	Neurospora_crassa_OR74A_GCA_000182925	20	41102378	0.030535070257978747	0.0	0.010414628564799827	0.012500104008580721
GCA_003705835	Kockiozyma_suomiensis_GCA_003705835	5	14039038	0.019812539862061773	0.0062554855966626775	0.015345567125040904	0.0
GCA_000417875	Pseudozyma_flocculosa_PF-1_GCA_000417875	11	23305380	0.0255310576356189	0.0	0.018703235047014894	0.0037798997484700956
GCA_001447215	Diaporthe_aspalathi_GCA_001447215	95	55024312	0.08190961115515628	0.00026342900934408776	0.02769263157711086	0.04538097632188477
GCA_001642045	Paraphaeosphaeria_sporulosa_GCA_001642045	74	38464024	0.1441797145301282	0.002207049371641407	0.026831592035196316	0.04003132901539371
GCA_001566745	Conidiobolus_coronatus_NRRL_28638_GCA_001566745	9	39903661	0.010458564190388446	0.0	0.008884773755470707	0.0
GCA_002104935	Hesseltinella_vesiculosa_GCA_002104935	10	27216191	0.014817246101778165	0.0006255834991751785	0.007860762000090313	0.0
GCA_000498615	Helminthosporium_solani_B-AC-16A_GCA_000498615	47	33028319	0.05145587336733668	0.0015368932339547769	0.018905866810841932	0.01889393765392662
GCA_006535985	Synchytrium_microbalum_GCA_006535985	6	26244175	0.008152247117693736	0.0	0.0024620701546152622	0.0
GCA_004000055	Arthrobotrys_flagrans_GCA_004000055	12	36645795	0.01753139753142209	0.002573774153351019	0.004332065930074651	0.007146686270553006
GCA_001660795	Leptoxyphium_fumago_GCA_001660795	24	24908746	0.05743199597442601	0.005571737734207896	0.029980152352912508	0.01883880465118557
GCA_002989075	Arthonia_radiata_GCA_002989075	31	33501807	0.06033370080604906	0.0025472357356724072	0.022688209027053378	0.024836391660903543
GCA_000401635	Mucor_circinelloides_1006PhL_GCA_000401635	13	36348485	0.013756776933068874	0.00047256439986425843	0.008186475997555332	0.0
GCA_027604645	Allomyces_javanicus_GCA_027604645	6	29927322	0.0053543380861140865	0.0009252749043165305	0.0036477035933920182	0.0
GCA_002319055	Knufia_petricola_GCA_002319055	14	27718321	0.02858917753351655	0.0	0.016349547290400453	0.004441574942436088
GCA_000365145	Cyphellophora_europaea_CBS_101466_GCA_000365145	21	28781303	0.051825381220579204	0.0031895706737113325	0.02103101447491797	0.008418555615775978
GCA_001636725	Cordyceps_fumosorosea_ARSEF_2679_GCA_001636725	46	33485962	0.09358360377999593	0.0024022006594882953	0.049284682339423305	0.024068205058585444
GCA_004216415	Aeminium_ludgeri_GCA_004216415	12	22585551	0.029815876530973277	0.0036711966867666855	0.014082941788756891	0.008025130757270434
GCA_027604725	Entophlyctis_luteolus_GCA_027604725	8	27694625	0.008904363211272946	0.0	0.0028389624340463175	0.0
GCA_000968615	Thielaviopsis_punctulata_GCA_000968615	11	27613887	0.019102200280605188	0.0	0.006361400696685693	0.008544432734152929
GCA_002127715	Hortaea_werneckii_EXF-2000_GCA_002127715	29	49768822	0.036748127170862115	0.004885950485225469	0.02282453058663916	0.002677077629042536
GCA_006535975	Chytriomyces_confervae_GCA_006535975	11	35973405	0.010722421188653117	0.0	0.008083054689985561	0.000943502568077723
GCA_026954515	Cladochytrium_tenue_GCA_026954515	5	48954433	0.0010826598686170055	0.0	0.0006627591826055875	0.00019189273420856494
GCA_006535965	Spizellomyces_sp._'palustris'_GCA_006535965	12	22937368	0.026183867303345352	0.003543301044827811	0.020478461173051764	0.0020902136635729085
GCA_027604185	Boothiomyces_macroporosus_GCA_027604185	10	15700521	0.017488846389237655	0.0	0.008077948496104046	0.0
GCA_001929475	Neolecta_irregularis_DAH-3_GCA_001929475	7	12988071	0.014898132293856416	0.0	0.004679832748065513	0.0021919344296778176
GCA_004014935	Saccharomycopsis_malanga_GCA_004014935	3	16952356	0.007527449281975909	0.0	0.003775581400013072	0.0
GCA_003988795	Proliferodiscus_dingleyae_GCA_003988795	63	34008991	0.13885101736773078	0.0024768450201889257	0.05367651160247595	0.06309787314772143
GCA_003790465	Morchella_conica_CCBAS932_GCA_003790465	12	48213273	0.014028481327123343	0.001955602557826763	0.01009240754096906	0.0015163251829013974
GCA_000182895	Coprinopsis_cinerea_okayama7#130_GCA_000182895	18	36192590	0.024898908865046684	0.0005608606623621023	0.006052067564106354	0.003661550610221595
GCA_000464535	Endocarpon_pusillum_Z07020_GCA_000464535	35	37130611	0.053569681360751104	0.002502382737520802	0.016804598232978175	0.03279779048074377
GCA_003614675	Dimargaris_cristalligena_GCA_003614675	32	30654840	0.01989199747902778	0.0003265715952195477	0.017716321468322783	0.0
GCA_900618795	Cyanodermella_asteris_GCA_900618795	61	28667544	0.15090602110874932	0.0	0.05003979413095171	0.03343429070868436
GCA_001651415	Linnemannia_elongata_AG-77_GCA_001651415	6	49851634	0.004362845960074247	0.0	0.0016777985652386038	0.0
GCA_001510565	Knoxdaviesia_proteae_GCA_001510565	11	35489142	0.017658950447435443	0.0	0.00715954192411865	0.006152332451429792
GCA_003706095	Ogataea_trehaloabstinens_GCA_003706095	4	11245956	0.012906772887960792	0.0	0.00570525084750465	0.0
GCA_001179705	Baeospora_myosura_GCA_001179705	38	45974919	0.010477843364987766	0.0008071357341597491	0.004570948781878224	0.0009770109654788082
GCA_002798055	Coniochaeta_hoffmannii_GCA_002798055	32	30792256	0.04820487982432986	0.0025306362742632434	0.0145067967738382	0.02029010151123711
GCA_000963775	Clonostachys_rosea_GCA_000963775	65	55336001	0.07595980779312188	0.001479308199376388	0.042928436407972455	0.04154082258311366
GCA_025526995	Powellomyces_hirtus_GCA_025526995	11	29428253	0.019914535871361442	0.004461630800849782	0.015729000290978876	0.0
GCA_000812885	Lanzia_echinophila_GCA_000812885	76	39276539	0.02788590919378105	0.0	0.006861704387955365	0.008418257015975874
GCA_003706805	Trigonopsis_vinaria_GCA_003706805	5	11207577	0.026439434678878406	0.006973764266799148	0.012707563820440405	0.0
GCA_002102555	Catenaria_anguillulae_PL171_GCA_002102555	7	41337528	0.004909993650321809	0.0010747860878376665	0.002624467529843584	0.0
GCA_900536445	Hymenoscyphus_occultus_GCA_900536445	73	57165036	0.07000084807083827	0.0023925638741835132	0.02316814774681503	0.027803113777449557
GCA_003013795	Elsinoe_australis_GCA_003013795	25	23211138	0.06731794020612002	0.003601762222946587	0.04040551566235141	0.016256678151670118
GCA_025201865	Ramicandelaber_brevisporus_GCA_025201865	4	25531049	0.004352817622182308	0.00039054407831029585	0.0023312398953916854	0.0
GCA_001956345	Ramalina_peruviana_GCA_001956345	50	26865645	0.07182068399995607	0.002189189948724477	0.023879865903089242	0.03750585552664006
GCA_025765615	Zopfochytrium_polystomum_GCA_025765615	17	81192468	0.011559027864505855	0.0	0.00808897692332742	0.00139373765556677
GCA_001638985	Phycomyces_blakesleeanus_NRRL_1555_-__GCA_001638985	10	53939167	0.007139783971821441	0.0003229378755515449	0.0031084276848398493	0.0
GCA_027604405	Kappamyces_sp._JEL0680_GCA_027604405	3	13243986	0.0021767615882408815	0.0	0.0015317140927210283	0.0
GCA_000313485	Wickerhamomyces_ciferrii_GCA_000313485	3	15885345	0.007155714905782657	0.0	0.004040705442657997	0.0
GCA_027596075	Rhizophlyctis_rosea_GCA_027596075	14	48149512	0.010120933312885912	0.0	0.00546917277167835	0.001122254364696365
GCA_004155245	Ramularia_coccinea_GCA_004155245	40	32739296	0.08939004064106937	0.004622274101434558	0.056400113185084984	0.043589361237333875
GCA_027596135	Rhizophlyctis_rosea_GCA_027596135	10	38859322	0.0051181026781681885	0.0	0.002414349895245213	0.0
GCA_025349905	Blastocladiella_britannica_GCA_025349905	6	19075314	0.0053426643461806185	0.0009711504617958059	0.001238302027426652	0.0
GCA_027604745	Chytriomyces_hyalinus_GCA_027604745	11	29545400	0.010570241052752713	0.0	0.007385447480826118	0.0022136102405112133
GCA_000001215	Drosophila_melanogaster_GCA_000001215	3	143623427	0.0012686022315844057	0.0	0.0004384799981133997	0.0005694823031899942
GCA_000400465	Wallemia_ichthyophaga_EXF-994_GCA_000400465	8	9655632	0.03901298226775834	0.0	0.028816756893800425	0.0
GCA_025435555	Chytriomyces_cf._hyalinus_JEL632_GCA_025435555	11	38103441	0.015685328786972284	0.0	0.01148421214766404	0.0
GCA_000467715	Hysterium_pulicare_CBS_123377_GCA_000467715	59	38112825	0.07435819832300544	0.0	0.018493774733308276	0.03292542602129336
GCA_003073855	Periconia_macrospinosa_GCA_003073855	122	54992973	0.12184853144782698	0.001569691458579626	0.040009384471721504	0.05433270538037651
GCA_003313425	Pseudopyrenochaeta_lycopersici_GCA_003313425	56	62731430	0.053418979927605664	0.002154486196153985	0.01755590459200436	0.02435860301606388
GCA_025786725	Syncephalis_fuscata_GCA_025786725	6	29358178	0.008105850437993802	0.0005669629770621324	0.0027731625579761796	0.0
GCA_000738655	Venturia_pyrina_ICMP_11032_GCA_000738655	37	40956236	0.057145021822806175	0.00207636268137531	0.015703933339968057	0.01437676059880112
GCA_003788615	Terfezia_boudieri_ATCC_MYA-4762_GCA_003788615	8	63234573	0.006933390694359555	0.0016425033818129838	0.002662926181220517	0.0032617125444968213
GCA_025399215	Globomyces_pollinis-pini_GCA_025399215	16	21646612	0.01778148931574142	0.0	0.014493307312941166	0.0
GCA_002818225	Malassezia_vespertilionis_GCA_002818225	5	7581597	0.03965932243562933	0.0	0.026491384334989054	0.008990586020333183
GCA_027604105	Chytriomyces_hyalinus_GCA_027604105	9	29515939	0.011671795364531687	0.0	0.009357317075360536	0.0011464653047290822
GCA_027597005	Phlyctochytrium_bullatum_GCA_027597005	6	40189410	0.0031892481128735157	0.0	0.0009072788080243029	0.00043459209776903915
GCA_000604185	Neurospora_sublineolata_FGSC_5508_GCA_000604185	12	34920136	0.016539454485515175	0.0	0.0014269131139695447	0.0052504663784814585
GCA_000412615	Pecoramyces_ruminantium_GCA_000412615	235	100954185	0.010496979397139405	0.0	0.009965322388566655	0.0004335630068233427
GCA_003614145	Piptocephalis_cylindrospora_GCA_003614145	3	10748482	0.001862960741805215	0.0009723233476131792	0.0009723233476131792	0.0
GCA_000836435	Fonsecaea_multimorphosa_CBS_102226_GCA_000836435	29	33447075	0.05791519886268082	0.002307675633818503	0.018995891270013894	0.012205760892394925
GCA_003118255	Trichophyton_mentagrophytes_GCA_003118255	41	22644224	0.09410978269778641	0.003179353816673073	0.05322620020010401	0.03237090394442309
GCA_002157105	Piromyces_sp._E2_GCA_002157105	56	71019055	0.022040704427846863	0.0	0.019776945778847664	0.001638532081284382
GCA_025399175	Geranomyces_variabilis_GCA_025399175	13	23695997	0.026387241693185563	0.0006804946843975377	0.019432733722915308	0.005294354147664688
GCA_003988815	Chlorencoelia_torta_GCA_003988815	39	42160231	0.05852128751381842	0.001987275638978354	0.01991326850177837	0.02280727541554504
GCA_000146915	Parastagonospora_nodorum_SN15_GCA_000146915	54	37211658	0.09583418723239905	0.0022911636992901524	0.0326196430161752	0.0389618221257435
GCA_027604345	Boothiomyces_sp._JEL0866_GCA_027604345	9	14240447	0.014284734180043645	0.0	0.008220107135681906	0.0
GCA_027596065	Siphonaria_sp._JEL0065_GCA_027596065	7	37595823	0.0057119377330827415	0.0	0.0029694522181360414	0.0009659849712559824
GCA_027596845	Quaeritorhiza_haematococci_GCA_027596845	15	48214180	0.004080210427720642	0.0	0.0025558870855005725	0.0
GCA_000149925	Puccinia_graminis_f._sp._tritici_CRL_75-36-700-3_GCA_000149925	5	88718324	0.0024912102712851066	0.0	0.0014664388835839595	0.0
GCA_001636715	Ascosphaera_apis_ARSEF_7405_GCA_001636715	14	20313079	0.036926947411566706	0.0	0.020746830158047434	0.0032594270912843885
GCA_001599695	Phaeotremella_skinneri_GCA_001599695	6	20788256	0.013752765022712825	0.0	0.0061695411101344915	0.0029681662569481537
GCA_001599595	Beverwykella_pulmonaria_GCA_001599595	61	45966240	0.09608134143667178	0.0017537871272481718	0.03804357284824689	0.03815110829165057
GCA_003610855	Erysiphe_neolycopersici_GCA_003610855	10	39869064	0.0028812815871473683	0.0	0.0016088664634815605	0.00045837544618554377
GCA_027596195	Podochytrium_sp._JEL0797_GCA_027596195	6	32060568	0.004358438066349916	0.0	0.0032602354393721283	0.002932044123485273
GCA_025526975	Fimicolochytrium_jonesii_GCA_025526975	10	30619153	0.01945664532261882	0.0028645795656071873	0.014185892078726019	0.004533796215721578
GCA_003868215	Pseudophaeomoniella_oleicola_GCA_003868215	34	26600627	0.06936671079219298	0.0020035993888414733	0.029582686152473024	0.028740976669459708
GCA_000697415	Umbelopsis_isabellina_B7317_GCA_000697415	14	21858076	0.029026754230335735	0.0007913779785558436	0.017461189173283136	0.0032768208876206672
GCA_000611775	Umbilicaria_muehlenbergii_GCA_000611775	31	34812353	0.05209619125716667	0.0	0.011129468898583213	0.03271580062399115
GCA_001630345	Calocera_viscosa_TUFC12733_GCA_001630345	15	29097227	0.029249728848731876	0.0005836294984398341	0.011855906406476466	0.0044421071464988745
GCA_001513895	Graphilbum_fragrans_GCA_001513895	22	34094998	0.039632089141052304	0.0	0.011376683465416247	0.019653528062972755
GCA_003019875	Amorphotheca_resinae_ATCC_22711_GCA_003019875	20	28632918	0.048564348209288344	0.002962569166020732	0.016564151792003875	0.01418838974078716
GCA_027604605	Borealophlyctis_nickersoniae_GCA_027604605	8	38360367	0.003133416320026344	0.0	0.0013668534505939425	0.0
GCA_003615045	Caulochytrium_protostelioides_GCA_003615045	3	21796879	0.0070381177048328795	0.0	0.005637687854302444	0.0
GCA_027604005	Dinochytrium_kinnereticum_GCA_027604005	7	31506704	0.006881487825575154	0.0	0.004745720148956235	0.0
GCA_000146045	Saccharomyces_cerevisiae_S288C_GCA_000146045	3	12157105	0.011117696194941148	0.0	0.005279135123041218	0.0
GCA_002105155	Lobosporangium_transversale_GCA_002105155	4	42768949	0.003901919591243638	0.0	0.0015162402050141563	0.0
GCA_025526915	Entophlyctis_helioformis_GCA_025526915	4	30915201	0.005206564886962889	0.0	0.0020902338626231152	0.0
GCA_003012165	Paramyrothecium_roridum_GCA_003012165	79	44740770	0.08420045072983769	0.0011797293609385803	0.039105786511944254	0.04424756212286914
GCA_000697055	Saksenaea_vasiformis_B4078_GCA_000697055	9	41822797	0.005968228284684069	0.0004109720351797609	0.002968261544056941	0.0
GCA_025526935	Cladochytrium_replicatum_GCA_025526935	12	50665862	0.012212937381781839	0.0	0.006581887425501613	0.00250306606843085
GCA_001662655	Pseudogymnoascus_verrucosus_GCA_001662655	33	30172210	0.07398659229801198	0.0	0.025816670373167892	0.030747797393694397
GCA_001604925	Phyllosticta_capitalensis_GCA_001604925	26	32358281	0.03702872844203312	0.002084165101353808	0.021374559421126232	0.009001714275242248
GCA_003705295	Sporopachydermia_lactativora_GCA_003705295	3	16343427	0.007840154944247618	0.0	0.003934792868105325	0.0
GCA_003705335	Priceomyces_medius_GCA_003705335	3	11041543	0.01088353321632674	0.0	0.005814404743974642	0.0
GCA_000442885	Zygosaccharomyces_bailii_CLIB_213_GCA_000442885	4	10268813	0.016586921974331405	0.0	0.006244636064557802	0.0
GCA_026955015	Nowakowskiella_sp._JEL0078_GCA_026955015	7	33043374	0.0015726904885681467	0.0	0.001332793678999003	0.0
GCA_003550325	Gigaspora_rosea_GCA_003550325	23	567840464	0.001903663209179119	9.220019234134748e-05	0.0015291161075129016	0.0005847910127095134
GCA_900465125	Plenodomus_biglobosus/Leptosphaeria_biglobosa_'brassicae'_group_GCA_900465125	33	34950111	0.054719168130825106	0.0008469787120275527	0.018608467366527104	0.025048074954611733
