175
112
211
179
89
110
106
197
65
68
166
155
105
105
202
201
197
180
182
128
74
62
52
57
79
67
65
52
69
80
78
80
62
135
61
134
158
104
161
119
198
159
131
179
201
80
87
160
74
152
145
143
144
144
178
175
77
163
46
111
148
58
56
116
100
170
110
110
134
157
132
64
175
51
135
172
46
45
181
107
89
198
50
129
107
47
51
81
55
79
61
155
212
167
171
195
46
103
46
74
46
162
64
74
46
87
46
46
52
46
74
46
51
74
74
75
46
47
67
46
67
162
46
46
65
50
69
72
46
46
46
137
55
173
93
74
46
73
74
84
46
138
46
46
46
46
46
46
101
46
46
46
154
74
138
65
46
155
46
46
66
149
133
46
46
65
72
46
49
193
46
72
46
46
46
46
46
46
47
101
46
122
172
50
46
46
69
46
73
74
77
74
74
126
74
75
74
74
76
73
74
73
74
72
74
74
74
74
74
74
74
74
72
196
73
167
77
74
75
166
74
74
72
74
74
74
74
74
74
74
74
74
75
74
74
73
73
74
74
74
74
74
74
74
74
74
71
76
74
158
73
74
74
76
72
74
190
211
206
204
192
205
179
195
212
58
203
47
46
100
89
74
47
70
52
47
46
46
140
46
70
47
47
73
74
119
47
46
47
69
212
46
58
107
46
46
67
46
136
91
46
46
163
146
46
74
73
46
46
47
74
51
74
47
47
46
67
46
144
46
74
47
89
46
132
46
182
47
46
80
46
46
55
47
47
46
47
130
72
46
200
212
46
46
46
46
46
83
132
46
212
46
46
69
46
46
47
47
46
46
89
46
130
153
46
74
74
46
47
47
46
47
74
46
62
46
47
46
47
183
74
52
74
46
59
46
181
46
46
47
74
74
46
46
47
46
46
46
45
46
74
46
47
46
61
79
46
74
46
46
150
46
63
46
46
47
46
46
46
74
46
46
47
46
46
46
165
46
47
46
46
46
46
46
67
46
73
199
46
46
72
46
46
46
46
46
46
46
47
46
74
47
46
74
56
84
74
47
70
47
72
46
46
100
70
74
67
46
156
46
74
70
96
67
74
72
46
68
95
68
74
74
46
46
123
62
74
46
46
46
46
46
46
74
46
72
46
46
46
46
74
74
46
46
50
64
74
46
47
74
46
74
73
46
69
74
46
74
46
46
88
46
46
194
74
46
46
46
74
46
47
74
46
69
46
181
46
74
74
46
46
46
73
46
46
46
46
156
74
48
46
56
74
46
72
74
46
74
74
47
47
74
46
46
46
74
46
46
46
74
46
46
46
156
46
46
46
70
192
46
46
46
46
46
46
47
49
46
46
173
95
132
77
47
46
74
46
46
46
46
74
74
47
47
46
74
74
72
58
74
46
74
71
46
46
46
46
72
74
46
47
120
46
75
46
46
47
47
46
46
74
46
46
46
46
74
47
74
46
46
201
46
70
74
74
46
46
74
46
73
100
46
46
53
62
46
46
46
142
51
74
49
46
46
46
46
46
49
47
74
46
46
46
74
74
46
76
46
47
50
46
74
46
71
46
46
46
46
74
75
47
47
46
62
46
47
46
46
46
46
46
57
46
46
46
46
47
70
47
49
74
46
80
167
46
46
47
46
46
72
46
74
46
86
47
74
73
74
46
46
46
46
46
46
105
46
48
46
46
59
46
149
46
46
46
46
46
46
46
55
74
46
46
47
46
74
46
46
78
46
46
60
47
74
46
47
113
47
70
45
52
74
161
46
46
46
70
73
46
46
109
134
46
46
70
72
46
71
46
203
46
46
46
71
47
69
47
46
46
46
59
47
59
47
47
46
47
73
73
46
46
63
46
46
74
69
74
49
71
100
47
46
47
46
47
46
46
74
46
46
46
71
122
74
74
46
202
63
74
74
74
46
46
46
193
46
72
46
46
46
74
74
74
46
47
71
67
46
46
133
46
46
46
46
46
66
88
162
65
74
71
192
46
46
74
46
74
46
202
72
74
47
74
73
50
173
72
74
46
47
74
60
46
67
46
74
74
133
74
47
73
46
74
46
46
46
46
46
72
74
72
46
46
46
72
75
74
69
63
74
202
46
74
74
75
49
198
46
74
70
46
74
46
70
74
46
74
75
71
74
69
46
59
47
78
144
74
70
74
74
46
46
56
72
46
46
72
74
74
69
170
69
47
55
66
74
46
64
46
72
72
68
46
74
74
46
46
74
71
72
76
74
46
46
46
73
74
73
46
71
73
153
144
74
46
74
180
75
74
119
46
74
74
74
76
72
74
46
71
67
74
46
62
74
46
98
46
46
47
74
46
71
74
47
46
187
49
74
74
67
46
46
46
74
46
67
70
46
46
74
46
46
46
191
46
49
47
49
74
46
46
47
46
46
48
46
46
47
179
46
50
47
46
176
46
46
47
66
46
172
175
153
211
47
46
74
56
47
46
46
46
46
89
46
46
46
46
46
62
46
46
46
74
47
44
46
77
74
70
46
74
46
46
46
46
47
58
68
47
46
202
47
47
45
46
46
103
46
74
50
46
47
47
46
170
46
75
46
74
47
47
47
46
46
46
58
46
46
47
47
47
123
47
47
94
46
46
109
59
46
70
47
75
74
75
46
46
46
47
68
47
46
46
60
47
45
46
166
87
46
46
47
47
207
47
47
51
70
46
47
47
60
46
162
46
74
54
47
47
47
126
60
95
125
47
46
46
46
47
46
137
47
46
46
46
46
46
46
46
46
46
47
75
97
46
46
49
86
46
120
48
47
47
46
47
46
46
47
193
50
46
47
74
47
46
47
46
46
63
47
46
60
47
51
46
207
47
46
47
47
50
60
46
73
46
88
163
46
47
202
46
48
46
46
46
125
72
123
187
47
118
46
117
89
50
47
47
70
137
53
161
194
46
47
47
47
68
47
47
46
115
212
46
47
47
47
46
46
46
46
46
74
46
46
47
93
63
47
46
46
47
79
47
46
143
47
198
47
46
99
47
135
46
47
47
46
47
47
47
47
47
47
154
74
59
46
50
158
46
47
120
47
46
46
47
52
46
76
74
46
48
73
73
74
74
74
74
74
78
74
74
74
74
73
74
74
73
74
212
74
74
74
73
74
74
74
74
74
74
149
74
73
74
74
74
156
74
74
74
166
74
74
73
74
74
74
166
74
74
76
74
74
74
93
74
74
74
74
73
74
74
90
74
74
74
74
74
74
74
74
74
74
74
73
74
74
74
74
74
74
74
74
74
107
163
73
203
74
73
73
74
74
74
74
73
74
74
74
74
74
73
73
74
74
74
74
74
74
74
73
190
74
74
74
74
73
134
74
74
74
74
74
74
74
163
104
74
73
73
74
74
74
167
74
212
74
74
74
74
74
74
202
74
74
74
74
74
74
71
72
105
115
74
74
74
71
74
74
74
212
74
74
74
74
74
74
83
74
74
74
74
207
166
74
112
191
111
110
110
110
110
110
110
110
110
110
110
110
110
110
110
110
109
110
110
110
110
110
110
110
110
110
110
110
110
110
110
110
110
110
110
112
110
110
110
110
110
110
110
110
110
110
110
110
110
110
110
110
110
110
110
110
110
110
110
110
110
110
110
110
110
110
110
110
110
110
110
110
110
110
110
110
110
110
110
110
110
110
110
110
110
110
109
110
110
110
110
110
110
110
110
110
110
110
110
110
110
110
110
110
110
110
110
110
110
110
113
110
110
110
110
110
110
110
110
110
113
110
110
110
110
110
110
110
110
110
110
110
113
110
110
110
110
110
110
110
110
110
110
110
110
110
110
110
110
110
110
110
110
110
110
110
110
110
110
110
110
110
110
110
112
110
110
110
110
110
110
110
110
110
110
110
110
110
177
171
146
201
206
102
114
108
155
101
152
171
101
105
101
178
105
108
101
101
101
101
136
166
143
116
180
156
139
178
109
119
106
157
106
101
174
193
101
137
101
101
101
101
101
101
175
101
189
110
122
101
193
101
101
102
101
193
101
206
101
101
207
101
101
101
104
101
101
200
101
101
101
101
100
195
101
101
101
103
101
101
101
101
101
101
101
101
140
101
101
101
101
101
101
101
101
101
101
101
101
210
101
101
101
101
101
101
101
101
101
101
101
101
101
101
101
101
101
101
101
102
101
101
186
101
101
206
111
101
101
101
101
101
160
101
101
210
206
101
104
101
149
101
101
101
101
101
101
101
101
101
101
101
101
101
101
101
170
101
101
104
101
101
101
173
101
101
101
112
101
101
101
101
101
101
101
201
101
101
101
101
215
104
101
101
101
100
101
101
101
104
101
101
101
101
101
115
101
101
101
101
122
101
101
101
101
101
101
101
170
103
101
101
101
101
101
101
101
101
101
101
101
101
205
101
101
101
101
101
101
101
101
101
210
147
101
101
101
101
101
101
101
101
101
101
101
101
101
101
101
101
101
101
101
101
101
104
101
101
101
101
101
101
101
101
151
101
101
101
101
101
151
101
101
101
101
101
101
101
101
102
101
101
101
104
199
101
101
101
101
101
101
101
104
101
101
101
101
104
101
101
101
101
101
101
101
101
101
101
103
101
101
101
101
101
101
101
101
101
101
101
101
101
101
101
101
101
113
101
101
101
101
101
190
101
101
101
157
101
101
101
101
101
101
148
101
101
101
101
101
101
101
103
101
101
101
101
101
101
101
105
101
101
101
101
101
101
101
102
101
102
101
101
101
133
101
101
101
101
101
131
101
101
174
101
101
101
101
101
101
101
101
101
101
101
101
101
101
101
101
101
101
101
104
101
101
101
101
101
101
101
101
101
101
101
101
101
101
101
167
101
101
101
210
101
101
101
101
101
101
101
101
101
101
101
101
101
101
101
106
101
101
156
101
139
206
101
101
101
101
101
101
101
101
101
101
104
101
101
124
101
101
109
101
101
101
101
101
101
101
101
101
101
101
101
101
101
101
114
101
104
101
101
101
101
101
101
104
101
101
101
101
101
101
101
101
101
101
101
101
101
101
101
74
70
72
104
101
116
46
101
47
196
101
74
110
167
74
46
46
46
104
110
46
141
110
104
69
110
46
101
70
46
46
207
110
47
74
47
59
101
101
74
101
46
46
46
46
103
160
104
110
207
46
101
101
104
46
46
74
203
101
74
189
100
157
134
110
46
77
74
193
47
46
110
50
104
110
46
101
47
98
46
101
101
189
74
110
110
73
54
91
146
110
127
106
107
210
74
60
46
135
74
212
46
189
46
110
47
110
110
46
46
46
101
110
46
74
51
173
146
104
104
104
110
110
46
110
101
46
46
110
74
74
77
110
101
110
104
47
110
46
47
46
46
122
110
104
101
202
74
110
74
120
162
46
100
101
110
110
204
46
46
46
77
73
203
152
107
207
169
182
110
110
212
78
110
47
47
104
101
212
110
101
47
94
182
101
92
74
101
203
69
110
46
46
46
203
104
47
74
101
46
110
110
56
46
151
46
110
46
46
110
173
74
75
110
110
101
110
104
110
46
74
101
141
74
101
114
185
207
51
212
104
110
101
114
104
153
212
104
212
46
47
110
102
101
112
174
74
203
179
158
164
46
46
149
190
101
46
177
110
174
78
46
46
46
73
206
110
46
186
173
191
145
110
206
111
46
161
46
110
198
75
134
104
113
46
126
73
135
101
101
104
74
46
100
158
74
64
47
75
46
195
46
46
114
46
207
110
129
46
73
110
47
160
106
110
110
175
74
110
46
212
203
202
110
118
106
74
140
74
184
134
104
169
47
89
49
88
74
46
46
134
110
110
144
130
177
201
104
163
74
110
46
110
110
81
74
110
110
46
203
162
127
127
202
118
74
207
96
207
101
50
211
55
69
155
110
107
130
46
74
172
204
52
101
74
74
50
110
140
74
46
104
104
59
207
110
104
47
162
101
177
124
46
64
74
47
210
110
47
212
53
46
110
110
46
50
46
203
46
110
73
115
125
74
75
46
110
110
101
87
46
212
46
185
60
46
46
212
110
47
101
46
128
108
110
74
110
202
46
166
133
160
173
122
110
154
176
172
104
74
203
110
110
110
173
46
174
110
64
46
47
46
118
122
74
46
101
46
161
50
74
101
109
169
49
101
101
110
50
145
101
46
110
47
105
165
188
162
73
46
212
110
214
191
118
99
212
160
212
177
110
162
110
118
46
144
162
202
101
110
47
101
69
169
101
110
162
77
145
140
102
212
71
74
122
74
110
104
101
129
169
46
149
74
212
203
205
46
212
110
179
160
160
46
125
101
120
74
92
212
110
132
156
110
110
74
47
49
74
50
124
146
46
131
74
110
110
177
101
203
110
165
141
207
175
212
207
46
132
126
159
46
101
115
82
46
100
49
162
63
167
51
110
104
198
201
202
112
101
46
74
112
101
123
207
110
101
122
144
203
58
203
56
66
59
128
46
110
128
171
46
212
177
115
140
101
162
110
58
72
50
162
110
95
203
215
171
74
162
74
121
154
144
75
195
134
101
110
46
60
110
101
110
212
110
212
110
202
47
72
169
162
206
56
46
52
183
110
110
46
110
100
110
203
47
90
203
104
50
50
74
116
165
162
202
60
104
77
113
207
110
50
107
160
46
204
203
165
75
202
212
150
148
100
46
101
46
101
163
46
110
203
86
47
47
78
173
212
50
165
203
61
46
76
212
50
46
74
101
115
173
140
207
157
51
74
110
110
46
118
110
201
199
47
69
110
74
107
118
47
143
123
121
101
104
110
77
167
110
104
110
110
177
50
110
163
102
134
104
177
161
74
105
101
104
110
46
74
179
68
104
74
89
104
110
177
74
116
164
138
138
101
146
46
212
74
110
47
101
50
101
110
110
60
164
74
110
169
110
110
125
162
71
79
201
137
110
101
73
212
138
74
125
101
104
50
207
92
153
206
119
74
207
212
101
110
110
110
108
76
101
64
74
203
110
110
207
50
75
48
46
165
46
101
173
104
101
203
144
89
98
46
101
161
102
168
210
101
49
101
148
140
47
46
74
123
213
110
46
60
109
73
101
46
118
212
110
167
154
46
203
50
124
60
74
74
46
110
46
46
100
164
97
101
194
46
104
110
173
110
110
202
119
107
201
107
146
74
110
110
77
202
202
58
146
98
212
111
190
110
46
110
110
172
110
46
171
162
101
46
59
46
144
50
46
149
47
74
118
141
157
49
124
134
212
50
154
160
46
46
176
51
74
170
93
212
104
144
90
101
73
74
212
143
46
99
46
46
110
110
101
203
193
104
210
189
110
100
74
113
212
165
185
202
46
146
160
144
162
50
185
146
110
110
101
47
168
46
92
207
46
122
202
110
110
162
101
46
156
202
56
214
46
136
110
161
48
110
110
101
74
104
46
172
207
198
104
200
76
64
167
110
159
150
162
74
155
184
90
202
104
101
74
203
73
46
103
101
77
110
149
122
126
110
110
185
206
203
110
71
124
160
67
47
213
211
203
46
74
110
110
110
132
104
212
50
47
59
46
60
46
101
60
46
105
188
110
74
212
46
46
118
91
61
46
110
72
135
46
202
46
110
47
60
110
74
101
47
116
116
117
101
46
46
210
193
46
141
133
118
210
160
50
110
46
46
177
46
110
164
47
51
212
116
205
188
74
198
144
190
47
47
73
47
178
146
202
101
74
46
146
100
46
177
101
119
177
130
47
70
74
203
110
162
50
50
118
50
117
46
74
151
110
46
140
104
125
47
110
72
74
46
185
85
207
55
46
74
158
202
162
110
66
207
74
161
55
50
47
166
144
74
198
212
59
110
206
144
61
56
128
50
193
206
46
110
46
203
160
101
144
72
175
101
161
115
146
51
101
49
212
77
101
47
59
122
101
111
164
46
58
212
119
101
109
50
47
123
202
104
212
144
101
144
93
101
173
110
212
101
144
104
46
74
73
49
101
156
105
74
72
46
159
212
101
111
212
173
134
110
89
110
106
116
50
74
110
49
51
64
166
186
205
197
55
120
66
166
102
46
110
174
104
200
46
74
47
110
113
212
106
206
213
49
148
125
101
46
212
47
203
110
100
160
46
51
104
152
46
101
48
55
46
169
161
77
110
46
104
110
101
101
104
100
203
101
46
162
211
119
46
64
74
74
67
