rifH    BGC0000136|AAC01718.1   100.000 441     0       0       1       441     1       441     0.0     885     100
rifH    BGC0001759|AWH12660.1   88.488  443     47      2       1       440     1       442     0.0     768     99
rifH    BGC0002009|OO60_RS14180 70.709  437     92      1       4       440     10      410     0.0     598     99
rifH    BGC0000137|Sare_1254    66.667  432     108     1       9       440     15      410     0.0     554     98
rifH    BGC0001287|CQR60490.1   67.916  427     102     2       15      441     14      405     0.0     542     97
rifH    BGC0000141|CAI94725.1   65.574  427     116     2       14      440     7       402     0.0     539     97
rifH    BGC0000106|ADM46364.1   58.969  446     163     4       12      440     24      466     7.75e-178       502     97
rifH    BGC0001785|ASZ00154.1   66.146  384     107     2       49      432     4       364     2.24e-170       479     87
rifH    BGC0001666|ATY46605.1   54.795  438     179     3       21      441     11      446     1.30e-159       454     95
rifH    BGC0000957|AHH25586.1   40.678  413     211     7       26      435     1       382     4.50e-87        268     93
rifH    BGC0002453|QES95483.1   32.242  397     221     8       54      441     25      382     2.37e-44        156     88
