order	median_genome_size	median_bgcome_size	median_bgc_count	median_bgcome_size_relaxed	median_bgc_count_relaxed	median_npbgcome_size	median_nrps_count	median_pks_count	median_oxy_count	median_distinct_cazy_count	median_total_cazy_count
Methanosarcinales	2490632.0	38856.0	1.0	40509.5	1.5	0.0	0.0	0.0	17.0	31.0	35.5
Halobacteriales	3910332.5	54851.5	3.0	69599.5	4.0	0.0	0.0	0.0	26.0	54.5	46.0
Methanomicrobiales	2662345	37231.0	1	48410.0	3.0	0.0	0.0	0.0	13.0	11.0	24.0
Methanomassiliicoccales	1860555.5	21834.5	1.0	25196.5	1.0	0.0	0.0	0.0	13.0	9.0	14.5
Thermoplasmatales	1726377	0.0	0	0.0	0.0	0.0	0.0	0.0	16.0	57.0	27.0
Methanobacteriales	2349247	60002.0	2	88752.0	3.0	0.0	0.0	0.0	13.0	17.0	38.0
Sulfolobales	1667163	0.0	0	11071.0	1.0	0.0	0.0	0.0	9.0	33.0	26.0
Micrarchaeales	852337	0.0	0	0.0	0.0	0.0	0.0	0.0	9.0	7.0	14.0
Caulobacterales	3412615.0	66477.5	3.0	68319.0	3.0	0.0	0.0	0.0	47.0	87.0	64.5
Rhizobiales	4632210.0	127185.0	5.0	137333.5	5.0	35944.5	0.0	0.0	51.0	87.0	82.0
Rhodobacterales	4066668.0	114379.5	5.0	123443.5	5.0	43981.0	38209.0	41048.5	49.0	74.0	69.0
Sphingomonadales	3284759.5	87821.5	3.0	92933.5	3.0	41048.5	0.0	41045.5	49.0	69.0	56.0
Rhodospirillales_A	3795985	86498.0	4	112896.0	4.0	0.0	0.0	0.0	52.0	40.0	63.0
Acetobacterales	3661230.5	120074.0	4.0	128890.0	5.0	36871.0	0.0	29382.0	47.0	72.5	82.0
Rs-D84	874588	20795.0	1	20795.0	1.0	0.0	0.0	0.0	1.0	13.0	21.0
Rickettsiales	1524382.5	0.0	0.0	0.0	0.0	0.0	0.0	0.0	36.5	15.5	16.5
HIMB59	1506059	0.0	0	0.0	0.0	0.0	0.0	0.0	35.0	28.0	32.0
Pelagibacterales	1151222.5	21906.0	1.0	21906.0	1.0	0.0	0.0	0.0	37.0	23.0	26.0
Burkholderiales	3942086	110630.0	4	118918.0	4.0	0.0	0.0	0.0	44.0	54.0	60.0
PS1	1527313.0	0.0	0.0	0.0	0.0	0.0	0.0	0.0	32.0	16.0	30.5
Methylococcales	4558902	191347.0	6	193674.0	6.0	109868.0	75522.0	0.0	30.0	85.0	89.0
Xanthomonadales	3854931.0	90144.0	2.5	98274.0	3.0	0.0	0.0	0.0	45.0	94.0	77.0
Legionellales	2693432	176178.0	5	191869.0	5.0	111201.0	101215.0	66904.0	41.0	33.0	40.0
Enterobacterales_A	3929165	46432.0	2	61883.0	2.0	0.0	0.0	0.0	30.0	88.0	62.0
Enterobacterales	4317505	115471.0	3	123682.0	4.0	43867.0	43867.0	0.0	39.0	89.0	78.0
Pseudomonadales	4127484.5	92991.0	3.0	107173.0	4.0	0.0	0.0	0.0	32.0	57.5	56.0
Francisellales	2298556	122418.0	4	133494.0	4.0	45264.0	45264.0	0.0	32.0	49.0	39.0
Campylobacterales	2187002	20570.0	1	21883.0	1.0	0.0	0.0	0.0	30.0	20.0	30.0
Desulfovibrionales	3720107	87498.0	2	112208.0	3.0	0.0	0.0	0.0	21.0	51.0	66.0
Desulfobacterales	5157696	198488.0	5	222720.0	7.0	72022.0	0.0	51757.0	19.0	54.0	77.0
Myxococcales	6987298	257780.0	8	327001.0	11.0	158134.0	83811.0	95865.0	33.0	106.0	131.0
Nitrospirales	3656130.0	120818.5	5.5	164300.0	7.0	0.0	0.0	0.0	30.0	50.5	71.5
Verrucomicrobiales	5321988	133668.0	4	147962.0	5.0	41026.0	0.0	41026.0	31.0	123.0	171.0
Victivallales	3533848	41227.0	1	79035.0	2.0	0.0	0.0	0.0	6.0	117.0	159.0
Chlamydiales	1824478	41107.0	1	74552.0	2.0	41083.0	0.0	41035.0	13.0	46.0	37.0
Leptospirales	4569184.5	23313.5	1.0	36164.5	2.0	0.0	0.0	0.0	30.0	86.0	78.5
Borreliales	1407357.5	0.0	0.0	0.0	0.0	0.0	0.0	0.0	4.0	12.0	14.5
Treponematales	3093697	29668.0	1	41816.0	2.0	0.0	0.0	0.0	10.0	97.0	64.0
Balneolales	3747171	91795.0	4	94756.0	4.0	33645.0	0.0	33645.0	33.0	114.0	89.0
Flavobacteriales	3340619.0	61953.0	2.0	62019.0	2.0	0.0	0.0	0.0	21.0	99.5	81.0
Bacteroidales	3149227	26443.0	1	47593.0	2.0	0.0	0.0	0.0	19.0	143.0	113.0
Sphingobacteriales	4791521	61941.0	2	61950.0	2.0	41104.0	0.0	41101.0	34.0	234.0	268.0
Cytophagales	5361527.0	104604.0	4.0	109184.0	4.0	41111.5	0.0	41110.0	32.0	205.5	200.5
Rhodothermales	4092632.0	82299.5	3.0	97735.5	3.5	41123.5	0.0	41123.5	35.0	116.5	98.5
Ignavibacteriales	4192753.5	42531.0	2.0	77157.0	3.0	0.0	0.0	0.0	35.0	139.5	134.0
Chlorobiales	2848671.0	43385.5	2.0	56906.0	2.5	12159.0	0.0	0.0	26.5	61.5	63.5
Gemmatimonadales	3794422.5	43337.5	2.0	62137.5	3.0	0.0	0.0	0.0	35.0	65.5	99.5
Streptosporangiales	7798420.0	749991.5	20.0	785163.5	21.5	508800.5	282679.0	323607.5	38.0	198.0	202.0
Streptomycetales	8343587	970659.0	23	1002089.0	23.0	659577.0	403535.0	531042.0	40.0	234.0	228.0
Actinomycetales	3481762.0	99486.0	4.0	112239.5	4.0	41102.5	0.0	41080.0	25.0	104.5	84.0
Propionibacteriales	3889688.0	69493.5	2.0	79266.5	3.0	0.0	0.0	0.0	37.0	111.0	95.5
Mycobacteriales	6514894	610270.0	17	677422.0	18.0	377221.0	248620.0	216546.0	38.0	130.0	149.0
Coriobacteriales	2279555.0	0.0	0.0	0.0	0.0	0.0	0.0	0.0	11.0	30.5	29.0
Bacillales	4289048	110660.0	4	121316.0	5.0	41086.0	0.0	41083.0	35.0	96.0	82.0
Exiguobacterales	3202234.5	36307.5	2.0	36307.5	2.0	0.0	0.0	0.0	23.5	137.5	72.0
Staphylococcales	2329944.5	20585.0	0.5	20585.0	0.5	0.0	0.0	0.0	24.0	50.5	33.5
Bacillales_D	3728451	85732.0	4	93422.0	4.0	41095.0	0.0	41089.0	28.0	100.0	79.0
Lactobacillales	2509470	41161.0	1	41164.0	1.0	41152.0	0.0	41152.0	13.0	84.0	61.0
Mycoplasmatales	887257.5	0.0	0.0	0.0	0.0	0.0	0.0	0.0	5.0	1.5	2.0
Erysipelotrichales	2506243	10075.0	1	20261.0	1.0	0.0	0.0	0.0	17.0	68.0	62.0
Acholeplasmatales	1592722.5	10465.0	0.5	20598.5	1.0	0.0	0.0	0.0	9.0	91.0	45.0
Paenibacillales	5930559	203359.0	7	234177.0	9.0	99148.0	79116.0	41164.0	38.0	220.0	246.0
Tissierellales	2347970.0	40998.0	2.0	47024.5	2.5	0.0	0.0	0.0	11.0	32.5	32.0
Oscillospirales	2302061	29179.0	1	41997.0	2.0	0.0	0.0	0.0	11.0	77.0	61.0
TANB77	1440023	64994.0	2	64994.0	2.0	44320.0	44320.0	0.0	3.0	24.0	35.0
Lachnospirales	3168046.5	49048.0	2.0	64522.0	3.0	0.0	0.0	0.0	12.0	120.0	82.0
Clostridiales	4041404.0	68092.0	3.0	75292.0	3.0	0.0	0.0	0.0	20.0	76.5	64.5
Peptostreptococcales	3122071	50767.0	2	55079.0	3.0	0.0	0.0	0.0	12.0	52.0	45.0
Veillonellales	1826083	21630.0	1	21630.0	1.0	0.0	0.0	0.0	11.0	18.0	29.0
Selenomonadales	2618064.5	43077.0	2.0	43077.0	2.0	0.0	0.0	0.0	20.5	71.5	62.5
Deinococcales	3225513.0	63670.0	2.0	63670.0	2.0	40828.0	0.0	40828.0	28.0	112.5	83.5
Cyanobacteriales	6534449	400905.0	11	448729.0	12.0	206290.0	174190.0	137049.0	44.0	115.0	161.0
PCC-6307	2595783	77166.0	3	77166.0	3.0	0.0	0.0	0.0	39.0	59.0	61.0
Vampirovibrionales	2798067.0	0.0	0.0	0.0	0.0	0.0	0.0	0.0	21.0	56.5	67.5
