RifA	GCA_013085465.1_ASM1308546v1_fai-gene-cluster-4|BPDQ_007617	61.6	5377	1399	68	1	4732	1	5356	0.0	5734	99.9	5359
RifA	GCA_016860545.1_ASM1686054v1_fai-gene-cluster-4|AYIK_005015	57.7	5781	1385	75	1	4732	1	5767	0.0	5628	99.9	5791
RifA	GCA_015751905.1_ASM1575190v1_fai-gene-cluster-5|AAIZ_007678	59.3	5392	1523	65	1	4735	1	5376	0.0	5508	100	5376
RifA	GCA_016862835.1_ASM1686283v1_fai-gene-cluster-1|AUCH_003628	59.3	5392	1523	65	1	4735	1	5376	0.0	5508	100	5376
RifA	GCA_002891865.1_ASM289186v1_fai-gene-cluster-2|APPU_002078	56.9	5659	1509	70	1	4732	1	5654	0.0	5478	99.9	5658
RifA	GCA_001983975.1_ASM198397v1_fai-gene-cluster-2|BSMA_002096	56.8	5660	1509	73	1	4732	1	5654	0.0	5470	99.9	5658
RifA	GCA_002812405.1_ASM281240v1_fai-gene-cluster-1|AXAD_007154	56.7	5659	1515	71	1	4732	1	5654	0.0	5467	99.9	5658
RifA	GCA_002591335.1_ASM259133v1_fai-gene-cluster-2|AACA_001374	56.8	5658	1515	70	1	4732	1	5654	0.0	5465	99.9	5658
RifA	GCA_006974005.1_ASM697400v1_fai-gene-cluster-2|AVXE_007257	56.8	5658	1515	70	1	4732	1	5654	0.0	5465	99.9	5658
RifA	GCA_011800555.1_ASM1180055v1_fai-gene-cluster-2|BBEK_001936	56.7	5658	1519	70	1	4732	1	5654	0.0	5459	99.9	5658
RifA	GCA_002021875.1_ASM202187v1_fai-gene-cluster-3|BELR_007759	56.5	5665	1523	74	1	4732	1	5662	0.0	5435	99.9	5666
RifA	GCA_003595545.1_ASM359554v1_fai-gene-cluster-2|BMWP_001888	56.5	5662	1528	74	1	4732	1	5659	0.0	5425	99.9	5663
RifA	GCA_003947485.1_ASM394748v1_fai-gene-cluster-5|BQFJ_003046	58.2	5301	1633	71	1	4732	12	5295	0.0	5286	99.9	5298
RifA	GCA_003947415.1_ASM394741v1_fai-gene-cluster-3|BRJO_001039	58.0	5308	1637	69	1	4732	12	5300	0.0	5279	99.9	5303
RifA	GCA_003751085.1_ASM375108v1_fai-gene-cluster-4|ABPN_002410	57.7	5193	1694	66	1	4732	14	5162	0.0	5159	99.9	5165
RifA	GCA_000389965.1_ASM38996v1_fai-gene-cluster-4|APYT_005557	57.3	5210	1716	63	1	4732	19	5195	0.0	5111	99.9	5198
RifA	GCA_020400585.1_ASM2040058v1_fai-gene-cluster-1|ATFI_000218	66.7	4183	1128	63	798	4732	1	4169	0.0	4923	83.1	4172
RifA	GCA_001931635.1_ASM193163v1_fai-gene-cluster-2|AEOG_006089	53.0	5442	1828	78	1	4734	2	5425	0.0	4769	100.0	5427
RifA	GCA_000156695.2_ASM15669v2_fai-gene-cluster-1|ALYF_000585	52.8	5456	1823	83	1	4734	2	5429	0.0	4753	100.0	5431
RifA	GCA_023716005.1_ASM2371600v1_fai-gene-cluster-3|BUKM_006340	52.8	5456	1824	83	1	4734	2	5429	0.0	4752	100.0	5431
RifA	GCA_013364255.1_ASM1336425v1_fai-gene-cluster-4|BSUQ_006203	52.5	5425	1867	77	1	4734	2	5415	0.0	4702	100.0	5417
RifA	GCA_014655295.1_ASM1465529v1_fai-gene-cluster-3|ACQH_003554	50.5	5468	1937	82	1	4731	2	5432	0.0	4483	99.9	5437
RifA	GCA_014645815.1_ASM1464581v1_fai-gene-cluster-2|AOIN_008340	51.2	5237	1934	78	1	4734	2	5117	0.0	4347	100.0	5119
RifA	GCA_020092675.1_ASM2009267v1_fai-gene-cluster-3|AWIT_005411	50.1	5314	1975	76	1	4734	2	5215	0.0	4287	100.0	5217
RifA	GCA_020092695.1_ASM2009269v1_fai-gene-cluster-1|APMN_001676	50.1	5314	1975	76	1	4734	2	5215	0.0	4287	100.0	5217
RifB	GCA_000196835.1_ASM19683v1_fai-gene-cluster-3|AKBF_000626	100.0	5060	2	0	1	5060	1	5060	0.0	9621	100	5060
RifB	GCA_000220945.1_ASM22094v1_fai-gene-cluster-3|BKXB_000627	100.0	5060	2	0	1	5060	1	5060	0.0	9621	100	5060
RifB	GCA_000282715.1_ASM28271v1_fai-gene-cluster-3|BUPY_000633	100.0	5060	2	0	1	5060	1	5060	0.0	9621	100	5060
RifB	GCA_000454025.1_ASM45402v1_fai-gene-cluster-3|BUZC_000634	100.0	5060	2	0	1	5060	1	5060	0.0	9621	100	5060
RifB	GCA_000696405.1_ASM69640v1_fai-gene-cluster-1|BBCP_003199	100.0	5060	2	0	1	5060	1	5060	0.0	9621	100	5060
RifB	GCA_000700945.1_ASM70094v1_fai-gene-cluster-3|BKWX_008074	100.0	5060	2	0	1	5060	1	5060	0.0	9621	100	5060
RifB	GCA_001742805.1_ASM174280v1_fai-gene-cluster-1|BGNP_000745	100.0	5060	2	0	1	5060	1	5060	0.0	9621	100	5060
RifB	GCA_000695625.1_ASM69562v1_fai-gene-cluster-5|ALMP_003658	92.4	5068	350	14	1	5060	1	5042	0.0	8899	100	5042
RifB	GCA_013364075.1_ASM1336407v1_fai-gene-cluster-3|ARAK_004889	90.9	5068	412	16	1	5060	1	5023	0.0	8724	100	5023
RifB	GCA_000716785.1_ASM71678v1_fai-gene-cluster-4|AYSD_002836	89.8	5082	468	15	1	5060	1	5055	0.0	8670	100	5055
RifB	GCA_020884795.1_ASM2088479v1_fai-gene-cluster-7|BTXO_004080	75.9	5275	1048	58	1	5060	1	5266	0.0	7343	100	5266
RifB	GCA_014203355.1_ASM1420335v1_fai-gene-cluster-1|ALPJ_004914	75.1	5238	1091	56	1	5060	1	5205	0.0	7245	100	5205
RifB	GCA_900091585.1_IMG_taxon_2619619644_annotated_assembly_fai-gene-cluster-2|BQGK_002183	74.6	5277	1111	59	1	5060	1	5264	0.0	7228	100	5264
RifB	GCA_900090265.1_IMG_taxon_2623620551_annotated_assembly_fai-gene-cluster-1|BMWF_000071	74.5	5260	1130	57	1	5060	1	5251	0.0	7165	100	5251
RifB	GCA_001013905.1_sleC34_fai-gene-cluster-2|BXKM_001033	74.6	5216	1133	65	1	5047	1	5195	0.0	7137	99.7	5363
RifB	GCA_000384275.1_ASM38427v1_fai-gene-cluster-4|AXGX_005044	72.8	5271	1208	56	1	5060	1	5255	0.0	7036	100	5255
RifB	GCA_002251155.1_ASM225115v1_fai-gene-cluster-1|BTJA_000968	58.5	5283	1854	91	35	5038	31	5252	0.0	5276	98.9	5302
RifB	GCA_014203855.1_ASM1420385v1_fai-gene-cluster-3|AHAX_005826	58.7	5285	1839	90	35	5008	31	5281	0.0	5272	98.3	5359
RifB	GCA_001511815.1_TUE45_fai-gene-cluster-1|ACOV_000071	58.4	5285	1859	92	35	5038	31	5254	0.0	5257	98.9	5304
RifB	GCA_009862525.1_ASM986252v1_fai-gene-cluster-1|BGLS_000071	58.4	5285	1859	92	35	5038	31	5254	0.0	5257	98.9	5304
RifB	GCA_021029465.1_ASM2102946v1_fai-gene-cluster-1|AMEZ_001340	58.3	5252	1854	89	35	5011	31	5224	0.0	5240	98.4	5300
RifB	GCA_017526105.1_ASM1752610v1_fai-gene-cluster-3|AJCT_006711	58.1	5277	1874	90	35	5037	31	5243	0.0	5225	98.9	5294
RifB	GCA_900105265.1_IMG_taxon_2675903008_annotated_assembly_fai-gene-cluster-2|AQFB_001995	54.5	5703	1889	95	3	5038	2	5669	0.0	5119	99.5	5718
RifB	GCA_004794975.1_ASM479497v1_fai-gene-cluster-1|BEET_003728	74.5	3510	686	49	1	3304	1	3506	0.0	4715	65.3	3583
RifB	GCA_020400585.1_ASM2040058v1_fai-gene-cluster-1|ATFI_000192	53.9	5297	2070	91	1	5005	1	5214	0.0	4701	98.9	5221
RifC	GCA_000196835.1_ASM19683v1_fai-gene-cluster-3|AKBF_000627	100	1763	0	0	1	1763	1	1763	0.0	3359	100	1763
RifC	GCA_000220945.1_ASM22094v1_fai-gene-cluster-3|BKXB_000628	100	1763	0	0	1	1763	1	1763	0.0	3359	100	1763
RifC	GCA_000282715.1_ASM28271v1_fai-gene-cluster-3|BUPY_000634	100	1763	0	0	1	1763	1	1763	0.0	3359	100	1763
RifC	GCA_000454025.1_ASM45402v1_fai-gene-cluster-3|BUZC_000635	100	1763	0	0	1	1763	1	1763	0.0	3359	100	1763
RifC	GCA_000696405.1_ASM69640v1_fai-gene-cluster-1|BBCP_003198	100	1763	0	0	1	1763	1	1763	0.0	3359	100	1763
RifC	GCA_000700945.1_ASM70094v1_fai-gene-cluster-3|BKWX_008075	100	1763	0	0	1	1763	1	1763	0.0	3359	100	1763
RifC	GCA_001742805.1_ASM174280v1_fai-gene-cluster-1|BGNP_000746	100	1763	0	0	1	1763	1	1763	0.0	3359	100	1763
RifC	GCA_013364075.1_ASM1336407v1_fai-gene-cluster-3|ARAK_004888	90.4	1762	153	6	2	1763	1	1746	0.0	3000	99.9	1746
RifC	GCA_000695625.1_ASM69562v1_fai-gene-cluster-5|ALMP_003659	89.5	1763	174	4	2	1763	1	1753	0.0	2982	99.9	1753
RifC	GCA_000716785.1_ASM71678v1_fai-gene-cluster-4|AYSD_002835	77.0	1810	364	14	1	1762	1	1806	0.0	2561	99.9	1807
RifC	GCA_020884795.1_ASM2088479v1_fai-gene-cluster-7|BTXO_004079	74.9	1841	378	18	2	1760	1	1838	0.0	2519	99.8	1841
RifC	GCA_001013905.1_sleC34_fai-gene-cluster-2|BXKM_001032	75.0	1823	392	22	1	1763	1	1820	0.0	2490	100	1820
RifC	GCA_900091585.1_IMG_taxon_2619619644_annotated_assembly_fai-gene-cluster-2|BQGK_002182	74.4	1811	410	17	2	1760	1	1809	0.0	2480	99.8	1812
RifC	GCA_900090265.1_IMG_taxon_2623620551_annotated_assembly_fai-gene-cluster-1|BMWF_000072	74.0	1812	416	17	2	1760	1	1810	0.0	2463	99.8	1813
RifC	GCA_014203355.1_ASM1420335v1_fai-gene-cluster-1|ALPJ_004915	74.1	1801	416	20	2	1760	1	1793	0.0	2461	99.8	1796
RifC	GCA_004794975.1_ASM479497v1_fai-gene-cluster-1|BEET_003729	71.9	1829	419	21	30	1763	1790	3618	0.0	2379	98.4	3618
RifC	GCA_001660045.1_ASM166004v1_fai-gene-cluster-2|ADXD_006502	71.3	1823	427	23	36	1763	1785	3606	0.0	2363	98.0	3606
RifC	GCA_014648855.1_ASM1464885v1_fai-gene-cluster-1|BSUN_005812	71.3	1823	427	23	36	1763	1785	3606	0.0	2363	98.0	3606
RifC	GCA_000384275.1_ASM38427v1_fai-gene-cluster-4|AXGX_005045	71.3	1831	451	19	2	1760	1	1828	0.0	2360	99.8	1831
RifC	GCA_020907265.1_ASM2090726v1_fai-gene-cluster-1|AGUK_002599	71.4	1823	426	24	36	1763	1785	3606	0.0	2360	98.0	3606
RifC	GCA_013177615.1_ASM1317761v1_fai-gene-cluster-2|BKUX_002628	70.6	1849	437	23	19	1763	1790	3636	0.0	2338	99.0	3636
RifC	GCA_004364395.1_ASM436439v1_fai-gene-cluster-1|AQPH_002168	70.6	1834	430	23	34	1762	1788	3617	0.0	2335	98.1	3618
RifC	GCA_022698285.1_ASM2269828v1_fai-gene-cluster-3|ASSZ_006857	71.5	1809	431	22	36	1763	1788	3592	0.0	2333	98.0	3592
RifC	GCA_024611995.1_ASM2461199v1_fai-gene-cluster-3|AFPQ_002512	70.7	1824	441	21	34	1763	1786	3609	0.0	2328	98.1	3609
RifC	GCA_017948485.1_ASM1794848v1_fai-gene-cluster-1|ASZH_000484	71.2	1821	427	26	36	1763	1780	3596	0.0	2328	98.0	3596
RifD	GCA_000196835.1_ASM19683v1_fai-gene-cluster-3|AKBF_000628	100	1728	0	0	1	1728	1	1728	0.0	3304	100	1728
RifD	GCA_000220945.1_ASM22094v1_fai-gene-cluster-3|BKXB_000629	100	1728	0	0	1	1728	1	1728	0.0	3304	100	1728
RifD	GCA_000282715.1_ASM28271v1_fai-gene-cluster-3|BUPY_000635	100	1728	0	0	1	1728	1	1728	0.0	3304	100	1728
RifD	GCA_000454025.1_ASM45402v1_fai-gene-cluster-3|BUZC_000636	100	1728	0	0	1	1728	1	1728	0.0	3304	100	1728
RifD	GCA_000696405.1_ASM69640v1_fai-gene-cluster-1|BBCP_003197	100	1728	0	0	1	1728	1	1728	0.0	3304	100	1728
RifD	GCA_000700945.1_ASM70094v1_fai-gene-cluster-3|BKWX_008076	100	1728	0	0	1	1728	1	1728	0.0	3304	100	1728
RifD	GCA_001742805.1_ASM174280v1_fai-gene-cluster-1|BGNP_000747	100	1728	0	0	1	1728	1	1728	0.0	3304	100	1728
RifD	GCA_000695625.1_ASM69562v1_fai-gene-cluster-5|ALMP_003660	87.8	1730	179	7	1	1728	1	1700	0.0	2862	100	1700
RifD	GCA_020884795.1_ASM2088479v1_fai-gene-cluster-7|BTXO_004078	73.4	1789	409	17	1	1727	1	1784	0.0	2392	99.9	1785
RifD	GCA_014203355.1_ASM1420335v1_fai-gene-cluster-1|ALPJ_004916	73.6	1760	406	23	1	1728	1	1733	0.0	2376	100	1733
RifD	GCA_900090265.1_IMG_taxon_2623620551_annotated_assembly_fai-gene-cluster-1|BMWF_000073	71.5	1812	427	19	1	1728	1	1807	0.0	2363	100	1807
RifD	GCA_900091585.1_IMG_taxon_2619619644_annotated_assembly_fai-gene-cluster-2|BQGK_002181	70.5	1796	458	19	1	1728	1	1792	0.0	2319	100	1792
RifD	GCA_024611995.1_ASM2461199v1_fai-gene-cluster-3|AFPQ_002511	69.3	1838	452	25	1	1727	1	1836	0.0	2299	99.9	1837
RifD	GCA_001013905.1_sleC34_fai-gene-cluster-2|BXKM_001031	71.6	1788	431	29	1	1727	1	1772	0.0	2298	99.9	1773
RifD	GCA_004364395.1_ASM436439v1_fai-gene-cluster-1|AQPH_002167	69.2	1846	447	24	1	1727	1	1843	0.0	2295	99.9	1844
RifD	GCA_000384275.1_ASM38427v1_fai-gene-cluster-4|AXGX_005046	69.5	1794	477	18	1	1728	1	1789	0.0	2284	100	1789
RifD	GCA_004794975.1_ASM479497v1_fai-gene-cluster-1|BEET_003730	68.4	1857	452	27	1	1727	1	1852	0.0	2276	99.9	1853
RifD	GCA_008704795.1_ASM870479v1_fai-gene-cluster-3|BASS_006980	68.1	1860	458	28	1	1727	1	1858	0.0	2253	99.9	1859
RifD	GCA_014203475.1_ASM1420347v1_fai-gene-cluster-1|AYLZ_004309	68.1	1860	458	28	1	1727	1	1858	0.0	2253	99.9	1859
RifD	GCA_022698305.1_ASM2269830v1_fai-gene-cluster-3|BVVE_006879	68.1	1860	458	28	1	1727	1	1858	0.0	2253	99.9	1859
RifD	GCA_001746425.1_ASM174642v1_fai-gene-cluster-1|BRIK_005195	67.6	1858	469	28	1	1727	1	1856	0.0	2248	99.9	1857
RifD	GCA_022696125.1_ASM2269612v1_fai-gene-cluster-2|BNTC_000194	67.3	1861	469	30	1	1727	1	1855	0.0	2227	99.9	1856
RifD	GCA_001660045.1_ASM166004v1_fai-gene-cluster-2|ADXD_006503	67.1	1857	478	28	1	1727	1	1854	0.0	2224	99.9	1855
RifD	GCA_014648855.1_ASM1464885v1_fai-gene-cluster-1|BSUN_005813	67.1	1857	478	28	1	1727	1	1854	0.0	2224	99.9	1855
RifD	GCA_017948485.1_ASM1794848v1_fai-gene-cluster-1|ASZH_000483	67.1	1851	480	30	1	1727	1	1846	0.0	2224	99.9	1847
RifE	GCA_000196835.1_ASM19683v1_fai-gene-cluster-3|AKBF_000629	100	3413	0	0	1	3413	1	3413	0.0	6515	100	3413
RifE	GCA_000220945.1_ASM22094v1_fai-gene-cluster-3|BKXB_000630	100	3413	0	0	1	3413	1	3413	0.0	6515	100	3413
RifE	GCA_000282715.1_ASM28271v1_fai-gene-cluster-3|BUPY_000636	100	3413	0	0	1	3413	1	3413	0.0	6515	100	3413
RifE	GCA_000454025.1_ASM45402v1_fai-gene-cluster-3|BUZC_000637	100	3413	0	0	1	3413	1	3413	0.0	6515	100	3413
RifE	GCA_000696405.1_ASM69640v1_fai-gene-cluster-1|BBCP_003196	100	3413	0	0	1	3413	1	3413	0.0	6515	100	3413
RifE	GCA_000700945.1_ASM70094v1_fai-gene-cluster-3|BKWX_008077	100	3413	0	0	1	3413	1	3413	0.0	6515	100	3413
RifE	GCA_001742805.1_ASM174280v1_fai-gene-cluster-1|BGNP_000748	100	3413	0	0	1	3413	1	3413	0.0	6515	100	3413
RifE	GCA_000695625.1_ASM69562v1_fai-gene-cluster-5|ALMP_003661	89.6	3431	325	12	1	3409	1	3422	0.0	5796	99.9	3422
RifE	GCA_000716785.1_ASM71678v1_fai-gene-cluster-4|AYSD_002833	77.6	3471	692	34	1	3409	1	3448	0.0	4964	99.9	3448
RifE	GCA_014203355.1_ASM1420335v1_fai-gene-cluster-1|ALPJ_004917	75.5	3444	785	30	1	3408	1	3422	0.0	4824	99.9	3428
RifE	GCA_900091585.1_IMG_taxon_2619619644_annotated_assembly_fai-gene-cluster-2|BQGK_002180	73.8	3481	829	34	1	3409	1	3470	0.0	4717	99.9	3483
RifE	GCA_900090265.1_IMG_taxon_2623620551_annotated_assembly_fai-gene-cluster-1|BMWF_000074	73.5	3497	828	30	1	3409	1	3487	0.0	4715	99.9	3500
RifE	GCA_000384275.1_ASM38427v1_fai-gene-cluster-4|AXGX_005047	72.7	3485	864	35	1	3409	1	3475	0.0	4656	99.9	3488
RifE	GCA_024611995.1_ASM2461199v1_fai-gene-cluster-3|AFPQ_002510	72.2	3544	841	47	1	3409	1	3536	0.0	4636	99.9	3549
RifE	GCA_008704795.1_ASM870479v1_fai-gene-cluster-3|BASS_006981	71.7	3542	860	48	1	3409	1	3532	0.0	4602	99.9	3548
RifE	GCA_014203475.1_ASM1420347v1_fai-gene-cluster-1|AYLZ_004310	71.7	3542	860	48	1	3409	1	3532	0.0	4602	99.9	3548
RifE	GCA_022698305.1_ASM2269830v1_fai-gene-cluster-3|BVVE_006880	71.7	3542	860	48	1	3409	1	3532	0.0	4602	99.9	3548
RifE	GCA_006088715.1_ASM608871v1_fai-gene-cluster-2|BIMM_006798	71.5	3536	866	44	1	3409	1	3523	0.0	4594	99.9	3536
RifE	GCA_017948485.1_ASM1794848v1_fai-gene-cluster-1|ASZH_000482	71.8	3524	865	44	1	3409	1	3510	0.0	4594	99.9	3523
RifE	GCA_013177615.1_ASM1317761v1_fai-gene-cluster-2|BKUX_002626	71.5	3547	858	45	1	3409	1	3533	0.0	4592	99.9	3546
RifE	GCA_022698285.1_ASM2269828v1_fai-gene-cluster-3|ASSZ_006859	71.7	3545	851	48	1	3409	1	3530	0.0	4591	99.9	3543
RifE	GCA_004794975.1_ASM479497v1_fai-gene-cluster-1|BEET_003731	71.7	3547	859	46	1	3408	1	3538	0.0	4575	99.9	3552
RifE	GCA_022696125.1_ASM2269612v1_fai-gene-cluster-2|BNTC_000193	69.7	3616	880	52	1	3409	1	3606	0.0	4499	99.9	3623
RifE	GCA_020884795.1_ASM2088479v1_fai-gene-cluster-7|BTXO_004077	71.4	3494	898	37	1	3409	1	3476	0.0	4499	99.9	3489
RifE	GCA_020907265.1_ASM2090726v1_fai-gene-cluster-1|AGUK_002601	70.1	3564	903	46	1	3409	1	3556	0.0	4489	99.9	3569
