DATASET_BOXPLOT
SEPARATOR TAB
COLOR	#000000
DATASET_LABEL	BGC_Genome_Prop
DATA
Treponematales	0.0	0.0	0.009709449597130496	0.016540703461014303	0.040645596584062416	0.05505693591554978	0.041889411350549424
HIMB59	0.0	0.0	0.0	0.013319724976896336	0.015112185473010005	0.015560300597038423
Mycoplasmatales	0.0	0.0	0.0	0.0	0.0
Borreliales	0.0	0.0	0.0	0.0	0.0
Campylobacterales	0.0	0.0	0.008951694359475152	0.01658877537841299	0.043047649317841594	0.045187299386398115	0.05572090880382731	0.06336344285430114
Micrarchaeales	0.0	0.0	0.0	0.0	0.0
Rhodobacterales	0.01082258325270782	0.02223199045477066	0.028694792536574927	0.037324464126943645	0.051420354316275084	0.009505836748368305	0.052919785312765054	0.0	0.0063990934642936	0.010740281760249716	0.006665794772185274	0.010742184506445004	0.08787340851547953	0.053341073843708446	0.054810128289873056	0.05665859106349673	0.07706614508260065	0.006474047092818152	0.00574304413651626	0.05423412341343164	0.010282697092072357	0.053793411557013615	0.05215975491393597	0.007402670749182019	0.05396375428566494	0.05188459865561111	0.0529032457088573	0.007894388011254845	0.00667831790090914	0.05730703488316575	0.009719243119971856
Xanthomonadales	0.0	0.014584345685597156	0.021914299431926725	0.04020049430033601	0.08227966029663249	0.08753427829222168	0.10559670960164809	0.09876389709533942	0.13681744002890003
Chlorobiales	0.012665702621421552	0.013118611097028748	0.01470376977759121	0.021744457462159434	0.03967302613792124	0.04496917899793931	0.012588599938787704
Nitrospirales	0.023934274121774457	0.032170207916604875	0.03830175463801072	0.05068592074927121	0.08188390047711047	0.0959255649784564	0.018931610912697128
Peptostreptococcales	0.007047382592890872	0.011305716690043903	0.015280069747584132	0.023357764778552982	0.03838955108891856	0.06869667797809502	0.0	0.04875434534746279	0.047072579083830945	0.04424000063445475	0.0035834357294721973	0.00691143795256418	0.0048040942742334745
Fusobacteriales	0.0	0.0	0.007095045332661075	0.023264246937600246	0.03120109611175491	0.032791955210365896
Oscillospirales	0.0	0.008014463365536037	0.012948789096699918	0.02137686888999911	0.04458313370901902	0.05043520650660988	0.04469008022114053	0.04661759610400623	0.047522882508755984	0.06680359320360982	0.06480198773941387	0.05638208181568902	0.06815037273806418	0.05455142411557088	0.059354513115702306	0.07052990342159403	0.04840834012711016	0.07526132747990875
Staphylococcales	0.0	0.0	0.009466465276526479	0.021054191392393593	0.04175859221682906	0.055897589460467224
Bacillales	0.010128209005511719	0.018700554243285088	0.026327410502410924	0.03667785728409702	0.0515104071127105	0.05711062413612383	0.008208090161682625	0.0068023389490405916	0.05247743185488081	0.10651651296806712	0.0078022668602024375	0.06749964661934256	0.05237662994218814	0.05638363416816239	0.0	0.0094228453692353	0.009005840049060946
Enterobacterales_A	0.0	0.005223089752335063	0.015174518082181622	0.027604059550917413	0.0589247857189509	0.09624821793546416	0.15828997179829665	0.08986221097881213	0.06970106986830157	0.061091077519198976	0.06644580057003839	0.10297923371577332
Balneolales	0.016258017594984176	0.020670492871426038	0.024246493564914692	0.029968629206111815	0.04518758287612089	0.01588404169019344	0.05572192140954437
Vampirovibrionales	0.0	0.0	0.0	0.0	0.0
Flavobacteriales	0.0	0.007099777736596617	0.020312528236687593	0.029133453550330552	0.049175179874506474	0.05254737856612625	0.050207871788428136	0.05155660469554918	0.05111699740858898	0.05530426338617131	0.05876064007801841	0.05279844510217812	0.060984665109606366	0.06489359960072706	0.09702680519943246	0.05536591274473099	0.049585467066626664	0.05618659928482314	0.05073211449104679
Rhodothermales	0.010647425525783662	0.016097719285219962	0.022582540985492405	0.027005207482478803	0.03945330621058053	0.0048882124022719365	0.051945078261078234
PS1	0.0	0.0	0.0	0.0	0.01216835032554629	0.016224467100728387
Streptomycetales	0.057455446059736674	0.09250392710391801	0.12162079986786704	0.18151905128349868	0.2040054667824526	0.23263948940599585	0.04737794949697965
Cyanobacteriales	0.016404360041379195	0.03809567485852212	0.06316107482102601	0.08393912914763121	0.11855049531086166	0.2017080428022169	0.12965924212564536	0.010423184302622783	0.01616800661206702	0.016218944798022	0.0155658318890156	0.11909259868936183	0.005275755149471771	0.12167151937418817	0.1486442113744416	0.010581287671954001	0.13196362952063279
Verrucomicrobiales	0.009890210520176879	0.019436712899214965	0.02541221561257721	0.03186136983723531	0.03644580851640186	0.03665037741289192	0.00965855775655132	0.004950166422251483	0.04390013830348391
Sulfolobales	0.0	0.0	0.0	0.0	0.015383204895926612	0.022505204639321364	0.01873828283353938
UBA6257	0.0	0.0	0.0	0.0	0.0
Methanomicrobiales	0.006942925501823754	0.008975790863927328	0.01675830296919625	0.0193890047126831	0.03404229398311027	0.03614996082760741	0.006154474604329008
Methylococcales	0.020665199041147848	0.030756317091205795	0.0473378487413327	0.05722216837904619	0.09685797073578728	0.10895127529844552	0.0976434983954178	0.015465795815093724	0.020644027570296628
Francisellales	0.021163693245904017	0.042145730449673985	0.051114699837637195	0.05403618785524124	0.0702612041292436	0.012429492943087594	0.07626088908769026
Mycobacteriales	0.03210867268918363	0.060259116655668625	0.09473996362451538	0.13781462991209753	0.1979725246795014	0.027319073985476554	0.02843417470672265	0.02832875014297614	0.0	0.2428211861076701	0.225608457364304	0.24127795084044715	0.19967514028234	0.021652082440636346	0.02696996590793359	0.21510626676072342	0.2024419880917169
Enterobacterales	0.0	0.0	0.024796135584069786	0.04053342694423416	0.08542492520006117	0.10871988777854585	0.09364048973594281	0.08610157176591265	0.18794688493150113	0.09505392158144495	0.21314639381927983	0.1206577012728839	0.08628142935485385
Halobacteriales	0.007931564013080619	0.011018299277250199	0.01378459685175974	0.017478283569222118	0.028185843447170233	0.040074039796390556	0.004999071682793295	0.0678278632236791	0.007743173679864575	0.02866541661183535	0.03371670045896884	0.00440816072401784	0.005027791541245815
Cytophagales	0.009976580309505073	0.015290869660639157	0.020062290461030464	0.028609617256105585	0.0385792682262109	0.06657003438978389	0.10250382826666575	0.009382075283132464	0.04144330934464591	0.00966950587321388	0.051005748330737725	0.009105069308461111	0.006495875302682099	0.0	0.05501329402306272	0.0	0.03858839150899873
Sphingomonadales	0.008104407719933296	0.017722114467640746	0.026372819626315352	0.03599056270777283	0.05098390047487043	0.06310074325137045	0.0048452838936787765	0.051161976050664186	0.0032480692746207625	0.006561393797098129	0.007982248710685829	0.061090370617556886	0.06749401611957337	0.059385243495110755	0.0
Gemmatimonadales	0.0	0.007884079429400783	0.011400947832214563	0.019250470423489093	0.029199419306573295	0.04911177871822252
Legionellales	0.03623402334269937	0.047186914914250304	0.05631924038645637	0.07330895808520167	0.10797477803962079	0.03435876606500554	0.12176292693882729
Acholeplasmatales	0.0	0.0	0.0048420022060837575	0.03493458742726382	0.04254150308417	0.0504905977098779
Burkholderiales	0.006832860810968029	0.018349186919999594	0.02884732594854145	0.044124421867340835	0.07275303491296295	0.0	0.08320004143577693	0.00370279565498689	0.09187361652026287	0.0	0.33640237750534036	0.006318028383472369	0.09895530472035051	0.004967008998773547	0.09195519312314712	0.004997563765416527	0.07421155771860498	0.005371021371548856	0.08287464857087552	0.00595261954244831	0.08235293751960196	0.004386254026459779	0.07964643165405588	0.08637794205862132	0.07844433582069953	0.005326180583798403	0.07386130278016728	0.07284561975896693	0.005498970498457525	0.09448920785769686	0.0	0.0	0.07578260164836133	0.006624187304690905	0.0	0.07664277979613246	0.005703920005217417	0.006759327295115979	0.0	0.11020381305148165	0.23010913198394298	0.0	0.0731484307979613
Erysipelotrichales	0.0	0.0	0.004351822645909458	0.01140017578226121	0.02102993452063209	0.021111237038993237	0.02437529179172947	0.03807929617179577
Methanobacteriales	0.007446650181560007	0.01943538547012027	0.02754394103861046	0.040876303067918694	0.05865835657379399	0.06711044586071652	0.0
Thermoplasmatales	0.0	0.0	0.0	0.0	0.011322993711529408	0.012123655493556738
Selenomonadales	0.00692334712839077	0.008623089061654807	0.01581754831015013	0.01875561256351109	0.03465247584586215	0.06287542713389964	0.005238025900848059
Desulfobacterales	0.018568189098171463	0.0306793948763276	0.041589908239171934	0.05311195828799377	0.07580826949219409	0.006530175647943489	0.12890186965698083	0.07946890725171595	0.016926531021806256
Leptospirales	0.0	0.0018717000238792241	0.005354836505958644	0.009546995124745052	0.02737587870965925	0.03894582752436448
Rs-D84	0.0	0.0	0.020928941450886883	0.023776909813535058	0.026631282709389328	0.027344875933352896
Pseudomonadales	0.0	0.01155129600689288	0.024593054019868894	0.03939173876899273	0.07318321625586068	0.17293685769165618	0.07775318640321972	0.07321007930741184	0.08191693035898034	0.10386512590377617	0.0901309996803175	0.0935840957765684	0.14536205673458416	0.0879226215143161	0.08829106595488498
TANB77	0.016089054295048994	0.02879450662692398	0.04404028354950691	0.05324651538582083	0.06317009177555048	0.07430987929822831	0.014456713538603203	0.015177078004303134	0.06352217808333582
Rickettsiales	0.0	0.0	0.0	0.01607278755718645	0.030982137100198454	0.031059014993710835	0.03440720300324554	0.07171257803889171
Chlamydiales	0.0	0.0	0.023460540192357486	0.030061132255546266	0.06132384166868551	0.06937929946110402	0.07904725810782233
Lachnospirales	0.005312830124026097	0.008646361636325164	0.014985004536563762	0.024533811098512513	0.052583209650863355	0.0	0.05966246571065144	0.0	0.004182833079594262	0.0	0.0047210596704717386	0.0	0.061477321149717525	0.004980525959206221	0.053744146584939013	0.056493896577393	0.058033885022775546	0.19723483293979685	0.05321255272240708	0.0	0.0	0.0	0.06586227213661595	0.05652846842220254	0.0	0.0	0.06533423552860287	0.0633868415744539	0.0632128803444733
Tissierellales	0.008616777231641802	0.01126191844458138	0.01418343459525712	0.027149559753782065	0.057068764293303875	0.06364687801715715	0.008202800668818795	0.0982098509457482	0.008563291199527543	0.05987345805714483	0.004514379358483244
PCC-6307	0.016296034378531797	0.02553742285764473	0.03441253487500332	0.043719525738192766	0.06430196212593978	0.06458031628877893	0.014950278655328076	0.0668969844114807	0.016250973213092157
Rhodospirillales_A	0.009733535276580893	0.02083801092956483	0.02785925273358553	0.031987828882302304	0.0528684087667446	0.05808452492504767	0.009262521606621336
Myxococcales	0.01989721341989167	0.03126039153429698	0.047809760995707176	0.12316444848417946	0.13530503990154333	0.14028166325897248	0.016529722577463
Caulobacterales	0.0	0.0072654936143063216	0.01871614929260782	0.02784414297499416	0.04758440894448907	0.0499220332399212	0.07290476369047155	0.05570330014566803
Bacillales_D	0.011792544273112493	0.02305743953587571	0.026317641344459148	0.030681749460131056	0.03830446408272923	0.005164786138664455	0.04963035006608135	0.008294125665237238	0.04463304644505414	0.0025777785714746343	0.04049548326171629
Victivallales	0.0	0.0	0.01288671718687475	0.01671507097115442	0.030765886969907015	0.0317352668015019
Ignavibacteriales	0.0049370705858897525	0.006909172580069482	0.00975730722205742	0.016578816074643392	0.02472783167199006	0.04194882913081501	0.004356876943993889	0.02492451998100278	0.004551362111923313
Methanosarcinales	0.007330354644424296	0.012478927181352364	0.015229624089207021	0.01962983095193703	0.02618205388173127	0.029510709656179916	0.00445849529130876
Veillonellales	0.004503568808809074	0.0087341845956504	0.01186145427124616	0.014260963160772359	0.01680633591052547	0.01818057431407637	0.0
Clostridiales	0.006884579148995968	0.012264456504021583	0.018908287811446343	0.02598677376226829	0.08518010258904249	0.006240507415675486	0.004078888374052864	0.11656219844002973	0.09342024907040689	0.006690264399472449	0.10936900799700203
Desulfovibrionales	0.0	0.013683145488239346	0.022917136542615884	0.029318508880859795	0.0565699945444438	0.06267756673110766	0.061147413591191274
Lactobacillales	0.0	0.0	0.015768483257836745	0.023220757922921928	0.03368516420868511	0.041029771131325055	0.03510040000322755	0.046652856911195396	0.04158572785919899	0.0387674608566202
Deinococcales	0.0	0.008704530523198238	0.018440663733307435	0.02272256441931997	0.029656868717603507	0.03471458012365193
Exiguobacterales	0.007073067795319903	0.008937637571581676	0.01126834979190889	0.013599062012236105	0.015463631788497877	0.01592977423256332	0.00660692535125446
Acetobacterales	0.012676176842717969	0.023178559193030135	0.031406447088003754	0.041931167381465004	0.05771627451357117	0.002978697024845353	0.06709485351580925	0.0648064692076569	0.01178374826872003	0.06323035582115238	0.00695022924304251
Paenibacillales	0.009368248054603895	0.018318267946653637	0.03201565827311288	0.0602398212037383	0.10792789011023574	0.11372652848330915	0.1082510765713794	0.0033457035869009777	0.11078445749022262	0.0089528281144162	0.005610421198706136
Streptosporangiales	0.02985347949185728	0.07991230324588443	0.0986600496630899	0.11755721962609819	0.14638381555815116	0.02762742897158681	0.15363912019959022	0.14669120418835227	0.028564104898530743	0.024308719094818198	0.15951076936469494
Sphingobacteriales	0.006199135750216123	0.011537551011860166	0.017978575458359354	0.025162196993479075	0.05011456569709529	0.05042769238257941	0.006029465842051404	0.06740610536036583	0.004332869693887757
Methanomassiliicoccales	0.0	0.0	0.009817712045699506	0.019813992186414824	0.027893021874820248	0.03152024603853086
Bacteroidales	0.0	0.0	0.008260989362041976	0.022695871424460036	0.04468127127380881	0.0535931790499391	0.05657353203972964	0.07614441776931416	0.07987527077342912	0.053133182355464305	0.07513559386319243	0.04762316892975331	0.0592766862985135	0.04983643724414795	0.048112988038865566	0.04566206626802269
Actinomycetales	0.0	0.01901132661127638	0.02832545905900173	0.039619340554127656	0.059378402160463244	0.09307721349320126	0.08069221842924698	0.07070389400111239	0.08701243741652882	0.09361495965493735	0.07415682680085302	0.06513982763858996	0.061465374373871104	0.0741880140115429	0.06254900095695987	0.06678125744639267	0.0792134669483951
Nitrososphaerales	0.0	0.0	0.00653900245948792	0.01563258860594091	0.026220770087349812	0.031719364949539884
Rhizobiales	0.009733193071617345	0.01910017526525445	0.027832102196203638	0.03579332754142693	0.05738841753252568	0.06005098810188414	0.06676142494448536	0.008602492425067096	0.057760139056153834	0.09951782920701396	0.009653556444568603	0.005983736879089422	0.00447905130082697	0.08607432939334747	0.009705985926064331	0.008933188139320324	0.06449361198070903	0.007840011653952431	0.005382508382223103	0.0	0.004615807924659531	0.06947107420060943	0.059858359149793004	0.0	0.05913536920229337	0.07496131828761135	0.07421673092884425	0.009125974745493749	0.060296007730986555
Propionibacteriales	0.0	0.011040948325891189	0.0152235283731942	0.025896121082237197	0.05926039364798985	0.12078100266600017	0.06750838049822652	0.06182676628244361
Coriobacteriales	0.0	0.0	0.0	0.011385941991540251	0.020894891925883334	0.049957565953648767	0.021074150661146387	0.04087965719165863	0.04129463464486459
Pelagibacterales	0.0	0.0	0.018339029400113945	0.02206356205463076	0.039169460299748646	0.05387018536990435
