DATASET_BOXPLOT
SEPARATOR TAB
COLOR	#000000
DATASET_LABEL	BGCome_Size
DATA
Treponematales	0.0	0.0	29668.0	48606.5	101490.79999999999	128282.0	109289.0
HIMB59	0.0	0.0	0.0	21942.0	21949.2	21951.0
Mycoplasmatales	0.0	0.0	0.0	0.0	0.0
Borreliales	0.0	0.0	0.0	0.0	0.0
Campylobacterales	0.0	0.0	20570.0	40414.0	105607.5	108334.0	146100.0	202271.0
Micrarchaeales	0.0	0.0	0.0	0.0	0.0
Rhodobacterales	41323.45	83812.75	114379.5	154503.25	224733.84999999998	39986.0	0.0	21041.0	279521.0	20642.0	21026.0	232951.0	227740.0	389125.0	232684.0	20774.0	231127.0	20795.0	253687.0	20618.0	41212.0	245894.0	320287.0	250379.0	21023.0	41227.0	226080.0	20585.0	41263.0	272799.0	254155.0
Xanthomonadales	0.0	43465.0	90144.0	171294.75	366134.6999999994	494781.0	438767.0	544914.0	693839.0
Chlorobiales	32766.25	37032.75	43385.5	61226.75	122329.75	140929.0	31836.0
Nitrospirales	68045.25	75880.0	120818.5	196987.75	307200.05	335139.0	64233.0
Peptostreptococcales	21497.1	21702.0	50767.0	85193.0	129492.39999999997	276493.0	21446.0	0.0	21371.0	136400.0	20141.0	164338.0	155266.0
Fusobacteriales	0.0	0.0	20556.5	41165.5	47258.04999999996	72254.0
Oscillospirales	0.0	21571.0	29179.0	48989.0	105601.99999999996	108961.0	110640.0	161522.0	110412.0	117729.0	148441.0	235665.0	159765.0	183084.0	127248.0	108672.0	106109.0	167801.0
Staphylococcales	0.0	0.0	20585.0	52621.5	123020.44999999988	173042.0
Bacillales	44801.0	83497.0	110660.0	159857.0	252908.0	44629.0	303485.0	20825.0	20828.0	264864.0	514719.0	41083.0	256910.0	313090.0	0.0	258294.0	21455.0
Enterobacterales_A	0.0	20942.0	46432.0	112074.0	305211.59999999986	315690.0	632720.0	777763.0	523238.0	468050.0	640941.0	324179.0
Balneolales	68666.2	77108.0	91795.0	107806.0	132797.59999999998	143652.0	63551.0
Vampirovibrionales	0.0	0.0	0.0	0.0	0.0
Flavobacteriales	0.0	20840.0	61953.0	112416.75	195823.49999999983	224571.0	236352.0	225395.0	285019.0	207535.0	271621.0	226149.0	283222.0	275628.0	211463.0	269874.0	364586.0	533743.0	199119.0
Rhodothermales	38800.35	66936.25	82299.5	105440.25	149812.55	20939.0	155853.0
PS1	0.0	0.0	0.0	0.0	18765.75	25021.0
Streptomycetales	350645.6	577185.0	970659.0	1627111.0	2474673.599999999	321827.0	2900109.0
Cyanobacteriales	71159.70000000001	226068.5	400905.0	602375.5	1019481.0999999999	62789.0	61798.0	1958314.0	68301.0	1024252.0	66268.0	1136935.0	1249981.0	20993.0	1131270.0	44221.0	1133225.0
Verrucomicrobiales	38588.2	91476.0	133668.0	182979.0	210773.6	38472.0	210818.0	218760.0	24459.0
Sulfolobales	0.0	0.0	0.0	0.0	42880.2	52959.0	42937.0
UBA6257	0.0	0.0	0.0	0.0	0.0
Methanomicrobiales	21544.1	23489.5	37231.0	49674.5	77988.29999999999	82779.0	20852.0
Methylococcales	65458.2	120697.0	191347.0	257382.0	472161.59999999986	65167.0	570628.0	480738.0	41467.0
Francisellales	41747.100000000006	98535.0	122418.0	135680.0	156893.4	25533.0	165048.0
Mycobacteriales	144845.4	334149.0	610270.0	1142850.0	2045256.0999999999	125510.0	119250.0	2354679.0	2087373.0	0.0	2431615.0	2066695.0	2195994.0	90854.0	131614.0	2351019.0	92469.0
Enterobacterales	0.0	0.0	115471.0	181132.0	380212.3999999997	484325.0	402908.0	1080342.0	472585.0	471765.0	1027508.0	428445.0	446985.0
Halobacteriales	34347.9	41238.75	54851.5	68614.5	107373.04999999996	111714.0	20948.0	229645.0	116523.0	135280.0	20957.0	15512.0	20954.0
Cytophagales	42007.45	68023.25	104604.0	158334.5	257741.3	422342.0	262981.0	715308.0	264366.0	301494.0	40579.0	22567.0	16944.0	0.0	41998.0	261947.0	0.0
Sphingomonadales	24351.5	50714.5	87821.5	132157.5	220372.25	13460.0	293244.0	24200.0	10874.0	322201.0	24347.0	223183.0	267774.0	0.0	267447.0
Gemmatimonadales	0.0	21076.25	43337.5	91565.5	172603.20000000004	244085.0
Legionellales	92502.5	101966.0	176178.0	214090.0	364241.5	434798.0	92462.0
Acholeplasmatales	0.0	0.0	10465.0	50909.25	63516.0	64569.0
Burkholderiales	21667.6	62212.0	110630.0	191948.0	320953.1999999997	20858.0	0.0	21667.0	21646.0	339274.0	495816.0	0.0	521244.0	14188.0	464410.0	329573.0	502212.0	424300.0	650431.0	415165.0	21648.0	504445.0	20861.0	20990.0	21651.0	20855.0	21654.0	337806.0	611926.0	21293.0	0.0	0.0	21662.0	0.0	354034.0	327666.0	0.0	391896.0	862941.0	374288.0	0.0	351183.0	403945.0
Erysipelotrichales	0.0	0.0	10075.0	30608.0	76515.89999999998	77480.0	94553.0	91655.0
Methanobacteriales	18963.2	38611.0	60002.0	101173.0	137430.99999999994	192479.0	0.0
Thermoplasmatales	0.0	0.0	0.0	0.0	18379.399999999994	20930.0
Selenomonadales	21588.25	21652.5	43077.0	55595.0	108078.75	21565.0	229140.0
Desulfobacterales	86156.2	120892.0	198488.0	299927.5	393570.2	408332.0	23455.0	725568.0	82495.0
Leptospirales	0.0	8445.0	23313.5	44445.0	165665.75	234683.0
Rs-D84	0.0	0.0	20795.0	20960.0	20964.8	20966.0
Pseudomonadales	0.0	46122.0	92991.0	162576.5	438849.2499999999	442582.0	1119932.0	561010.0	474861.0	492375.0	513975.0	519681.0	560532.0	754889.0	625465.0
TANB77	20847.1	44255.5	64994.0	68252.5	86375.2	90408.0	20818.0	88840.0	20816.0
Rickettsiales	0.0	0.0	0.0	24425.0	59780.5	59813.0	109893.0	62628.0
Chlamydiales	0.0	0.0	41107.0	73464.0	111884.0	126354.0	133071.0
Lachnospirales	18872.25	21687.75	49048.0	86829.25	176592.0	18087.0	187134.0	0.0	238463.0	0.0	258459.0	17331.0	0.0	0.0	17958.0	241369.0	271931.0	832887.0	0.0	0.0	0.0	237763.0	215524.0	0.0	0.0	472062.0	180093.0	250144.0	399852.0
Tissierellales	21203.5	21563.0	40998.0	68617.25	148802.25	172284.0	266456.0	20737.0	469404.0	17215.0	15286.0
PCC-6307	40006.3	58469.0	77166.0	121419.5	187334.8	245667.0	39991.0	32114.0	193372.0
Rhodospirillales_A	34138.0	67570.0	86498.0	126332.0	213732.0	19007.0	230107.0
Myxococcales	111933.0	137812.0	257780.0	1359377.0	1499377.0	1759708.0	95865.0
Caulobacterales	0.0	22359.0	66477.5	98986.0	179340.5	179924.0	309117.0	272421.0
Bacillales_D	39339.6	72280.0	85732.0	116291.0	153650.59999999995	26279.0	210444.0	31215.0	172472.0	10393.0	175646.0
Victivallales	0.0	0.0	41227.0	73201.5	95074.5	96465.0
Ignavibacteriales	21433.6	21693.25	42531.0	71663.5	111707.79999999996	193022.0	21349.0	117556.0	20913.0
Methanosarcinales	23638.25	30558.25	38856.0	52354.25	61225.99999999999	63107.0	21998.0
Veillonellales	12960.600000000002	21605.0	21630.0	21720.0	30014.59999999997	42254.0	0.0
Clostridiales	21560.75	42261.25	68092.0	116126.25	465907.7	21374.0	21554.0	602384.0	465949.0	575524.0	21559.0
Desulfovibrionales	0.0	45103.0	87498.0	113603.0	211210.10000000003	361496.0	230003.0
Lactobacillales	0.0	0.0	41161.0	48272.0	82445.59999999999	102322.0	111570.0	82652.0	183259.0	85575.0
Deinococcales	0.0	20849.0	63670.0	83096.0	130785.25	158791.0
Exiguobacterales	22386.75	28573.75	36307.5	44041.25	50228.25	51775.0	20840.0
Acetobacterales	25355.75	84986.25	120074.0	185543.0	252869.75	283354.0	13454.0	262700.0	344065.0	25073.0	21059.0
Paenibacillales	46581.200000000004	130963.5	203359.0	361624.5	592282.2999999999	1002977.0	704616.0	10384.0	45401.0	20243.0	594409.0
Streptosporangiales	267831.7	531868.75	749991.5	1047853.5	1377572.95	121197.0	1504222.0	1429622.0	1378518.0	263545.0	222650.0
Sphingobacteriales	20837.0	56097.0	61941.0	122395.0	364207.9999999997	443644.0	18707.0	384539.0
Methanomassiliicoccales	0.0	0.0	21834.5	37687.25	54191.95	59546.0
Bacteroidales	0.0	0.0	26443.0	77830.0	134764.59999999995	167357.0	180312.0	422404.0	290122.0	167353.0	158479.0	137463.0	159005.0	201868.0	146606.0	152465.0
Actinomycetales	0.0	53395.25	99486.0	147784.75	228669.69999999998	838713.0	300887.0	254494.0	232135.0	233428.0	248910.0	280566.0	304158.0	230051.0	312227.0	235214.0	269248.0
Nitrososphaerales	0.0	0.0	19245.0	24546.25	48692.75	68876.0
Rhizobiales	42976.5	83623.5	127185.0	171758.25	308867.5499999997	39617.0	454760.0	412515.0	515844.0	42781.0	20786.0	340813.0	20840.0	370587.0	437007.0	319643.0	365033.0	23306.0	20945.0	35628.0	426141.0	32622.0	0.0	20852.0	330808.0	0.0	335623.0	383559.0	20870.0
Propionibacteriales	0.0	41461.75	69493.5	101317.0	304048.75	371132.0	504309.0	320743.0
Coriobacteriales	0.0	0.0	0.0	25763.5	71170.8	71784.0	156051.0	158344.0	101017.0
Pelagibacterales	0.0	0.0	21906.0	21956.75	38745.0	53196.0
