DATASET_BOXPLOT
SEPARATOR TAB
COLOR	#000000
DATASET_LABEL	Distinct_KOfams
DATA
Treponematales	7.3	10.0	10.0	11.5	17.4	7.0	18.0	19.0	4.0
HIMB59	30.8	34.0	35.0	35.0	39.0	30.0	40.0
Mycoplasmatales	3.0	4.0	5.0	6.0	8.0
Borreliales	4.0	4.0	4.0	4.0	4.0
Campylobacterales	21.0	27.0	30.0	33.0	35.0	20.0	36.0	19.0	18.0	36.0
Micrarchaeales	1.7000000000000002	9.0	9.0	11.5	13.299999999999999	1.0	14.0
Rhodobacterales	43.0	47.0	49.0	51.0	54.0	28.0	41.0	58.0	38.0	41.0	39.0	33.0	56.0	40.0	39.0	55.0	57.0	36.0	41.0	55.0	55.0	41.0	56.0	34.0
Xanthomonadales	39.65	42.0	45.0	46.0	47.349999999999994	39.0	48.0	38.0	39.0	34.0	48.0	50.0	49.0
Chlorobiales	25.25	26.0	26.5	28.5	32.0	25.0	33.0
Nitrospirales	25.3	27.0	30.0	31.0	33.0	24.0
Peptostreptococcales	8.0	11.0	12.0	19.0	21.0	23.0	4.0	7.0	24.0	6.0	22.0
Fusobacteriales	9.0	11.25	14.0	17.0	18.299999999999997	20.0
Oscillospirales	3.200000000000001	9.0	11.0	15.0	19.0	1.0	21.0	1.0	22.0	20.0	1.0	21.0	3.0	2.0	2.0	20.0	2.0	3.0	20.0	1.0	3.0	1.0	20.0	20.0	1.0	20.0	3.0	20.0
Staphylococcales	15.6	21.0	24.0	24.75	27.549999999999997	28.0	12.0
Bacillales	24.0	28.0	35.0	39.0	41.0	23.0	20.0	21.0	43.0	42.0	42.0	21.0
Enterobacterales_A	17.0	18.0	30.0	36.0	43.0	47.0	48.0	44.0	11.0	16.0	45.0	16.0	49.0	48.0	13.0
Balneolales	19.0	24.0	33.0	35.0	38.2	39.0	15.0
Vampirovibrionales	17.45	19.25	21.0	22.5	23.7	17.0	24.0
Flavobacteriales	13.0	18.0	21.0	23.75	29.0	0.0	10.0	4.0	30.0	33.0	10.0	6.0	33.0	30.0	7.0	8.0	31.0	8.0	12.0	30.0	12.0	30.0	31.0	10.0	7.0	30.0	9.0
Rhodothermales	30.3	32.0	35.0	36.0	39.35	29.0	40.0
PS1	30.25	31.0	32.0	33.75	34.0	30.0
Streptomycetales	38.0	39.0	40.0	40.0	40.0
Cyanobacteriales	39.0	41.0	44.0	46.0	48.0	37.0	32.0	49.0	49.0	33.0	49.0
Verrucomicrobiales	25.1	28.5	31.0	32.0	33.9	34.0	25.0	16.0	34.0
Sulfolobales	4.0	6.0	9.0	14.0	18.0	19.0
UBA6257	0.0	1.0	2.0	7.0	9.0	14.0
Methanomicrobiales	11.0	11.0	13.0	13.0	14.0
Methylococcales	22.0	28.0	30.0	41.0	43.599999999999994	44.0	44.0	20.0	21.0
Francisellales	31.3	32.0	32.0	33.5	34.0	31.0
Mycobacteriales	32.9	37.0	38.0	39.0	40.3	42.0	25.0	41.0	25.0	43.0	44.0	42.0	25.0	25.0	24.0	43.0	28.0
Enterobacterales	5.0	25.0	39.0	39.0	41.0	42.0	4.0	44.0	43.0	3.0	42.0	1.0	42.0	2.0	44.0	1.0
Halobacteriales	23.0	25.0	26.0	27.0	28.14999999999999	30.0	21.0	29.0	22.0	29.0	29.0	20.0
Cytophagales	21.0	25.0	32.0	34.0	36.0	37.0	38.0	37.0	8.0	8.0	13.0	38.0	14.0
Sphingomonadales	41.0	46.0	49.0	51.0	55.0	15.0	40.0	56.0	56.0	31.0	32.0	56.0
Gemmatimonadales	28.95	31.5	35.0	36.25	40.05	41.0	28.0
Legionellales	35.5	38.0	41.0	41.5	43.0	34.0	44.0
Acholeplasmatales	2.5	7.0	9.0	13.0	15.25	16.0	1.0
Burkholderiales	30.0	40.0	44.0	47.0	51.0	54.0	26.0	52.0	25.0	53.0	52.0	22.0	29.0	17.0	52.0	52.0	17.0	54.0	24.0	25.0	52.0	27.0	17.0	28.0	53.0	27.0	52.0	52.0	53.0	23.0	16.0	52.0	17.0	53.0	52.0	18.0	20.0
Erysipelotrichales	9.1	11.0	17.0	17.0	19.0	9.0	20.0	9.0	3.0
Methanobacteriales	11.0	12.0	13.0	14.0	15.0
Thermoplasmatales	13.6	15.0	16.0	16.0	16.4	17.0	13.0
Selenomonadales	15.0	16.0	20.5	23.0	25.0
Desulfobacterales	13.0	16.0	19.0	23.0	27.200000000000003	29.0	11.0	29.0
Leptospirales	23.5	26.75	30.0	32.0	33.25	34.0	22.0
Rs-D84	1.0	1.0	1.0	1.0	4.999999999999999	6.0
Pseudomonadales	22.0	28.75	32.0	38.0	45.0	6.0	46.0	50.0	48.0	18.0	46.0	21.0	48.0	14.0	8.0	21.0	50.0	49.0	46.0	20.0	48.0	13.0	8.0
TANB77	1.0	2.0	3.0	3.0	10.399999999999999	15.0	0.0	11.0
Rickettsiales	6.300000000000002	26.25	36.5	42.75	48.949999999999996	53.0	51.0	6.0	49.0	6.0	6.0
Chlamydiales	8.0	10.0	13.0	13.0	33.0	34.0	3.0
Lachnospirales	9.0	10.0	12.0	18.0	20.0	22.0	21.0	21.0	21.0	0.0	4.0	21.0	21.0	21.0	21.0	1.0	21.0	8.0	8.0	21.0
Tissierellales	9.0	11.0	11.0	17.0	19.0	22.0	20.0
PCC-6307	33.9	37.0	39.0	41.0	43.7	46.0	33.0	26.0	44.0
Rhodospirillales_A	43.0	48.0	52.0	58.0	60.0	33.0
Myxococcales	28.0	31.0	33.0	34.0	40.0	43.0	23.0
Caulobacterales	40.5	45.0	47.0	49.0	52.75	53.0	54.0	33.0	40.0	53.0	39.0
Bacillales_D	18.0	24.0	28.0	29.0	38.4	40.0	41.0	39.0	12.0
Victivallales	5.0	6.0	6.0	6.5	7.5	8.0
Ignavibacteriales	30.45	33.25	35.0	36.0	37.0	30.0	30.0
Methanosarcinales	13.35	16.0	17.0	17.0	20.65	12.0	22.0
Veillonellales	10.0	10.0	11.0	14.0	14.399999999999999	15.0
Clostridiales	10.0	14.0	20.0	21.0	22.65	8.0	23.0	34.0	9.0	23.0
Desulfovibrionales	9.8	19.5	21.0	25.0	31.0	8.0	8.0	32.0
Lactobacillales	9.0	11.0	13.0	17.0	20.0	22.0	6.0	21.0
Deinococcales	23.5	26.75	28.0	29.25	30.75	19.0	33.0
Exiguobacterales	23.05	23.25	23.5	23.75	23.95	23.0	24.0
Acetobacterales	19.25	30.0	47.0	53.0	56.25	57.0	59.0	15.0	17.0	58.0	16.0
Paenibacillales	25.2	34.0	38.0	40.5	43.9	25.0	21.0	44.0	23.0	44.0	44.0
Streptosporangiales	36.0	37.0	38.0	39.0	43.89999999999999	45.0	44.0	44.0
Sphingobacteriales	29.2	33.0	34.0	35.0	36.9	29.0	37.0	38.0	29.0
Methanomassiliicoccales	11.0	12.0	13.0	14.0	15.35	16.0
Bacteroidales	8.0	13.0	19.0	24.0	30.19999999999999	36.0	5.0	6.0	34.0	6.0	33.0	6.0	31.0	33.0	34.0	6.0	6.0	3.0	32.0	31.0	37.0	3.0	6.0	6.0	31.0	35.0
Actinomycetales	11.0	24.0	25.0	37.0	40.0	8.0	10.0	43.0	44.0	8.0	8.0	10.0	0.0	42.0
Nitrososphaerales	12.75	15.75	16.0	17.0	18.0	12.0
Rhizobiales	42.0	49.0	51.0	54.0	58.0	59.0	59.0	40.0	63.0	38.0	39.0	60.0	59.0	31.0	30.0	41.0	35.0	30.0
Propionibacteriales	28.25	36.0	37.0	38.0	39.0	41.0	28.0	28.0	28.0
Coriobacteriales	8.0	8.75	11.0	12.0	14.0	17.0	7.0	7.0	2.0	16.0	15.0
Pelagibacterales	27.75	36.0	37.0	38.25	40.5	27.0	42.0
