DATASET_BOXPLOT
SEPARATOR TAB
COLOR	#000000
DATASET_LABEL	Distinct_CAZy
DATA
Treponematales	53.9	80.5	97.0	125.0	177.2	179.0	205.0	49.0	53.0
HIMB59	24.2	25.0	28.0	35.0	41.4	24.0	43.0
Mycoplasmatales	0.0	0.25	1.5	3.0	6.149999999999999	7.0	11.0
Borreliales	10.2	11.0	12.0	13.0	13.8	10.0	14.0
Campylobacterales	15.5	18.0	20.0	26.0	40.0	44.0	15.0	13.0	41.0	14.0	45.0
Micrarchaeales	6.0	6.0	7.0	7.5	9.599999999999998	11.0
Rhodobacterales	32.0	53.0	74.0	86.0	109.35	121.0	30.0	110.0	16.0	133.0	129.0	114.0	28.0	114.0	27.0	117.0	24.0	30.0	132.0	118.0	24.0	118.0	27.0	121.0	121.0	31.0	113.0
Xanthomonadales	27.65	49.5	94.0	139.75	181.39999999999998	24.0	26.0	184.0	203.0	224.0	223.0	27.0	23.0
Chlorobiales	55.25	59.5	61.5	63.5	64.75	65.0	54.0
Nitrospirales	18.95	28.75	50.5	75.75	82.4	17.0	85.0
Peptostreptococcales	8.0	21.0	52.0	70.5	117.59999999999997	130.0	126.0	128.0	6.0	6.0	5.0	154.0
Fusobacteriales	39.7	58.0	72.0	78.5	104.89999999999996	127.0	38.0
Oscillospirales	18.800000000000004	50.0	77.0	120.0	165.19999999999993	177.0	12.0	166.0	5.0	18.0	10.0	184.0	189.0	216.0	199.0	17.0	171.0	203.0	12.0	17.0	10.0	16.0	175.0	213.0	12.0	214.0	13.0	16.0	183.0	15.0	208.0
Staphylococcales	16.45	28.75	50.5	60.5	74.34999999999998	82.0	16.0
Bacillales	25.0	72.5	96.0	119.5	183.0	24.0	23.0	188.0	22.0	242.0	239.0	199.0	22.0	20.0	15.0	186.0
Enterobacterales_A	27.6	58.0	88.0	115.0	216.59999999999997	220.0	269.0	250.0	238.0	16.0	246.0	26.0	26.0	219.0	13.0	22.0	24.0	25.0	251.0
Balneolales	86.6	102.0	114.0	147.0	206.79999999999998	81.0	238.0
Vampirovibrionales	51.3	52.5	56.5	60.5	61.7	51.0	62.0
Flavobacteriales	23.0	44.5	99.5	163.75	234.44999999999976	16.0	1.0	245.0	21.0	243.0	0.0	239.0	252.0	273.0	22.0	14.0	263.0	19.0	18.0	253.0	258.0	241.0	257.0	240.0	0.0	13.0	242.0	255.0	22.0	240.0	17.0	6.0
Rhodothermales	71.5	96.25	116.5	131.75	177.74999999999997	65.0	207.0
PS1	10.25	14.0	16.0	21.75	24.5	9.0	25.0
Streptomycetales	97.0	132.0	234.0	261.0	293.59999999999997	73.0	314.0
Cyanobacteriales	65.0	87.0	115.0	134.0	155.39999999999998	61.0	20.0	163.0	61.0	173.0	53.0	156.0	63.0	157.0	163.0	166.0
Verrucomicrobiales	86.0	108.0	123.0	141.0	200.69999999999993	205.0	46.0	241.0	84.0
Sulfolobales	8.0	13.0	33.0	58.0	70.0	71.0	7.0
UBA6257	5.45	8.0	9.0	15.0	27.0	5.0	5.0
Methanomicrobiales	5.9	8.5	11.0	21.5	27.099999999999998	5.0	28.0
Methylococcales	40.0	69.0	85.0	95.0	104.6	29.0	109.0	38.0	105.0
Francisellales	24.1	37.5	49.0	62.0	73.89999999999999	76.0	19.0
Mycobacteriales	69.1	86.0	130.0	245.0	313.0	50.0	343.0	67.0	341.0	321.0	61.0	65.0	64.0	43.0	319.0
Enterobacterales	1.0	11.0	89.0	132.0	158.0	168.0	159.0	170.0	0.0	0.0	162.0	0.0	165.0	170.0	0.0	162.0
Halobacteriales	15.85	25.0	54.5	90.0	129.14999999999998	142.0	12.0	178.0	143.0	130.0	14.0	5.0	15.0
Cytophagales	31.9	135.75	205.5	248.5	282.2	25.0	30.0	12.0	8.0	289.0	284.0	287.0	296.0	286.0	31.0	292.0	7.0
Sphingomonadales	25.25	40.5	69.0	114.5	175.25	21.0	23.0	177.0	212.0	25.0	25.0	220.0	202.0	204.0	18.0
Gemmatimonadales	31.75	37.75	65.5	132.25	151.80000000000007	27.0	243.0
Legionellales	23.5	28.5	33.0	39.5	43.5	44.0	22.0
Acholeplasmatales	14.0	37.75	91.0	105.75	129.75	156.0	2.0
Burkholderiales	21.0	37.0	54.0	81.0	138.19999999999993	18.0	9.0	19.0	180.0	17.0	145.0	157.0	5.0	19.0	0.0	156.0	20.0	168.0	18.0	156.0	20.0	251.0	18.0	145.0	199.0	140.0	229.0	256.0	18.0	144.0	17.0	233.0	146.0	180.0	178.0	11.0	20.0	16.0	20.0	206.0	253.0	19.0
Erysipelotrichales	42.2	53.0	68.0	76.5	106.1	148.0	115.0	42.0	107.0	41.0	41.0
Methanobacteriales	12.6	15.0	17.0	19.0	26.799999999999994	34.0	11.0
Thermoplasmatales	13.0	33.0	57.0	69.0	73.0	10.0
Selenomonadales	52.5	66.0	71.5	89.75	113.25	48.0	147.0
Desulfobacterales	20.9	39.0	54.0	64.5	86.0	96.0	15.0	20.0
Leptospirales	63.25	80.25	86.0	91.0	100.25	104.0	61.0
Rs-D84	11.2	12.0	13.0	17.0	33.8	38.0	11.0
Pseudomonadales	28.0	39.0	57.5	85.25	230.39999999999998	249.0	27.0	244.0	21.0	312.0	234.0	19.0	20.0	238.0	27.0	26.0	276.0	23.0	317.0	249.0	233.0	23.0	231.0	20.0
TANB77	14.8	21.0	24.0	40.0	48.8	11.0	50.0	51.0	13.0
Rickettsiales	1.0500000000000003	6.25	15.5	19.75	32.74999999999998	1.0	57.0	1.0	0.0	59.0	33.0
Chlamydiales	22.0	37.0	46.0	50.0	67.0	70.0	17.0	6.0	70.0
Lachnospirales	44.5	78.0	120.0	165.0	220.25	31.0	40.0	245.0	242.0	254.0	242.0	11.0	43.0	40.0	38.0	34.0	37.0	244.0	40.0	240.0	235.0	268.0	41.0	38.0	226.0	31.0	224.0	227.0	254.0
Tissierellales	8.75	17.75	32.5	51.0	82.5	87.0	8.0	87.0	101.0	8.0	7.0
PCC-6307	41.3	53.0	59.0	68.0	74.7	41.0	79.0	75.0	40.0
Rhodospirillales_A	27.0	34.0	40.0	84.0	122.0	25.0	156.0
Myxococcales	75.0	95.0	106.0	205.0	293.0	314.0	67.0
Caulobacterales	32.25	60.0	87.0	113.0	176.0	225.0	29.0	214.0	181.0	26.0	32.0
Bacillales_D	34.4	79.0	100.0	149.0	202.0	265.0	32.0	216.0	22.0	27.0
Victivallales	59.0	100.0	117.0	169.5	220.5	236.0	51.0
Ignavibacteriales	78.45	114.0	139.5	200.75	235.64999999999998	247.0	67.0	78.0	237.0
Methanosarcinales	7.8500000000000005	21.5	31.0	39.25	58.94999999999997	2.0	72.0
Veillonellales	13.6	16.0	18.0	21.0	52.4	53.0	13.0
Clostridiales	27.0	50.25	76.5	120.0	233.6	235.0	260.0	252.0	25.0	20.0
Desulfovibrionales	25.8	35.0	51.0	63.0	75.2	24.0	77.0	19.0	87.0
Lactobacillales	21.200000000000003	65.0	84.0	107.0	154.6	20.0	15.0	188.0	166.0	9.0	164.0	12.0	182.0	155.0	20.0
Deinococcales	66.0	84.25	112.5	144.0	196.25	248.0	45.0
Exiguobacterales	137.05	137.25	137.5	137.75	137.95	138.0	137.0
Acetobacterales	30.25	47.75	72.5	89.25	110.5	123.0	112.0	123.0	25.0	28.0	26.0
Paenibacillales	112.8	175.0	220.0	267.0	312.4	334.0	86.0	105.0	112.0	313.0	321.0
Streptosporangiales	99.25	141.5	198.0	241.5	302.49999999999994	78.0	315.0	303.0	99.0	320.0	77.0
Sphingobacteriales	71.0	167.0	234.0	261.5	281.0	28.0	67.0	298.0
Methanomassiliicoccales	6.0	6.25	9.0	12.0	21.849999999999994	29.0
Bacteroidales	33.6	88.0	143.0	197.0	262.2	292.0	32.0	276.0	32.0	29.0	275.0	314.0	29.0	30.0	293.0	284.0	279.0	265.0	270.0	28.0	286.0	263.0	22.0	28.0	25.0	32.0	26.0
Actinomycetales	28.950000000000003	72.75	104.5	141.25	198.19999999999993	8.0	237.0	260.0	214.0	231.0	251.0	228.0	16.0	7.0	15.0	277.0	28.0	12.0	9.0	24.0	208.0	24.0	15.0	267.0	206.0	245.0	5.0	16.0	202.0
Nitrososphaerales	6.75	10.5	12.0	16.25	37.75	40.0	6.0
Rhizobiales	32.85	62.25	87.0	102.0	133.0	28.0	23.0	146.0	161.0	134.0	155.0	20.0	134.0	22.0	13.0	164.0	30.0	150.0	24.0	146.0	30.0	137.0	136.0	32.0	11.0	149.0	26.0	32.0
Propionibacteriales	53.0	82.5	111.0	157.0	238.5	45.0	48.0	266.0	273.0	242.0	27.0
Coriobacteriales	10.0	14.0	30.5	61.25	84.6	100.0	136.0	9.0	86.0	108.0	9.0	8.0
Pelagibacterales	19.0	20.75	23.0	24.25	31.5	33.0
