DATASET_BOXPLOT
SEPARATOR TAB
COLOR	#000000
DATASET_LABEL	Genome_Size
DATA
Treponematales	2197939.3	2570977.0	3093697.0	3540868.5	4007025.0	4059867.0	1988450.0	2141347.0	4646109.0
HIMB59	1428632.6	1502655.0	1506059.0	1519505.0	1622306.6	1410127.0	1648007.0
Mycoplasmatales	597200.5	747585.5	887257.5	1179812.5	1461170.6999999997	1908276.0	1560007.0	504644.0	424539.0
Borreliales	1295997.35	1345490.75	1407357.5	1469224.25	1518717.65	1531091.0	1283624.0
Campylobacterales	1548723.0	1909868.0	2187002.0	2621197.5	3186882.5	3568672.0	1448906.0	1440596.0	1519349.0	3209085.0	3192235.0
Micrarchaeales	643322.3	784039.0	852337.0	953197.0	1013193.1	484794.0	1018812.0
Rhodobacterales	2790682.7	3603845.25	4066668.0	4603361.5	5439051.85	5504092.0	2620929.0	5482247.0	6811023.0	2021067.0	5971869.0	6027197.0	1957330.0	2650984.0	2296803.0	5478249.0	2674623.0	5596458.0	5468583.0	2784625.0	5576178.0	2523902.0	2318410.0	2785211.0	2107730.0	6173065.0	2663031.0	2779574.0	5982853.0	5832665.0	5466515.0
Xanthomonadales	2657998.45	3347680.75	3854931.0	4536462.0	5586450.5	6391889.0	5810929.0	2347053.0	6120935.0	2596173.0	2592821.0	2647044.0	5596532.0
Chlorobiales	2496283.0	2634090.25	2848671.0	3075443.0	3253567.5	3293456.0	2468479.0
Nitrospirales	1799540.8	2569038.0	3656130.0	4109897.0	4537314.7	1719115.0	4589485.0
Peptostreptococcales	1607501.4	2256013.0	3122071.0	4140847.0	5313202.8	5817221.0	5802910.0	1450823.0	1542727.0	1084901.0	1549883.0	6019921.0	5388996.0
Fusobacteriales	1318876.8	2083002.5	2512310.0	2955969.75	4177412.3499999996	4486650.0	1254576.0
Oscillospirales	1327424.4	1888365.0	2302061.0	2793345.0	3672958.1999999997	1117181.0	4041781.0	935418.0	1048998.0	3691230.0	3829505.0	4207177.0	1281604.0	1226547.0	1252345.0	1257100.0	954293.0	1194433.0	1136791.0	3674121.0	4308696.0	4482087.0	1179381.0	1252253.0	4470622.0	4419852.0	3947358.0	3802844.0	4356900.0	4691745.0	1326487.0
Staphylococcales	1702052.45	1806426.5	2329944.5	2703973.5	3083708.1	3095697.0	1666268.0
Bacillales	2873842.0	3797572.0	4289048.0	4891927.0	5783238.5	2846746.0	2537131.0	6468885.0	5888151.0	6294968.0	5977666.0	2784637.0	2591764.0	6672921.0	5793153.0	2382343.0	2640617.0
Enterobacterales_A	2009414.2	2607477.0	3929165.0	4699491.0	5832361.8	6403280.0	1970575.0	6573836.0	1837244.0	1831839.0	7044087.0	1661850.0	1945534.0	1775503.0	6223983.0	1887770.0	5967189.0	6449204.0	5871129.0
Balneolales	2036370.8	3567459.0	3747171.0	3908029.0	4770266.6	5077549.0	1493362.0
Vampirovibrionales	2509910.35	2589859.75	2798067.0	2981525.0	3002076.2	3007214.0	2489923.0
Flavobacteriales	1501004.95	2646647.0	3340619.0	4039261.0	5114618.249999999	263431.0	5521712.0	6087890.0	1480853.0	309299.0	6096872.0	1261452.0	1219027.0	1420881.0	1099832.0	5364211.0	5689803.0	285352.0	5618212.0	5128187.0	5500985.0	6057242.0	1317719.0	5857781.0	1423905.0	5908984.0	5325570.0	5168958.0	1387253.0	5665358.0	1090891.0	645229.0	1437142.0
Rhodothermales	2973816.55	3409294.25	4092632.0	4465644.5	4614488.85	2924555.0	4807988.0
PS1	1118750.5	1407002.0	1527313.0	1671155.25	2553050.75	1034383.0	2832685.0
Streptomycetales	5651061.4	6645128.0	8343587.0	9918887.0	12216179.2	5014930.0	12466108.0
Cyanobacteriales	3850916.1	5387636.0	6534449.0	7870758.0	9832108.7	2853488.0	1491611.0	9848021.0	3156590.0	3163381.0	3291364.0	12700239.0	9949079.0	12367066.0	10657584.0	10231233.0	3839796.0
Verrucomicrobiales	3316892.0	4244796.5	5321988.0	6453674.5	7942042.399999999	3309705.0	8220857.0	1490447.0	7957748.0
Sulfolobales	1290078.2	1454292.0	1667163.0	2151177.0	2949477.1999999997	3075795.0	1184011.0	2958410.0	931262.0
UBA6257	572259.9	637597.5	745682.0	804681.5	946499.6499999999	569550.0	457184.0	984447.0	958642.0
Methanomicrobiales	1922830.5	2255761.5	2662345.0	2851294.5	3201192.6999999993	3544738.0	1804962.0
Methylococcales	2522016.2	3384020.0	4558902.0	4978464.0	5723970.199999998	6088916.0	2374728.0	5846582.0	2488664.0
Francisellales	1783826.4	1957918.0	2298556.0	2698587.0	3113952.0	3185613.0	1750491.0
Mycobacteriales	3667854.7	4901208.5	6514894.0	8692419.5	11106823.9	11759770.0	12011259.0	3157527.0	12014766.0	3535419.0	11609901.0	11959907.0	3437679.0	11133454.0	3537507.0	3327543.0	1915154.0
Enterobacterales	533350.8	1413209.0	4317505.0	5159425.0	5950699.999999999	532684.0	519975.0	6325799.0	6494581.0	348580.0	5991142.0	310648.0	6122453.0	208564.0	6148824.0	6156163.0	6262406.0	352837.0	479855.0	232663.0	6443694.0
Halobacteriales	2778004.5	3376561.25	3910332.5	4344980.5	5062962.3	2723120.0	2085946.0	5087240.0	5166602.0	6270521.0	5199031.0	2523371.0	1131970.0
Cytophagales	2677293.45	4255198.25	5361527.0	6528383.5	8212056.2	8241389.0	11346547.0	2671452.0	1884364.0	1193042.0	8254015.0	9536821.0	1636802.0	8983451.0	2505188.0	8898242.0	800097.0
Sphingomonadales	2451336.25	2889871.75	3284759.5	4018453.0	6046098.25	2223520.0	2258883.0	2434867.0	2399875.0	6573352.0	6899075.0	6077080.0	6580298.0	7064451.0	1969454.0
Gemmatimonadales	2526069.1	3102078.75	3794422.5	4350715.5	5994447.650000001	7479215.0	2447829.0
Legionellales	2016080.5	2381498.0	2693432.0	3336418.5	4084068.5	4597280.0	1744466.0
Acholeplasmatales	1178213.5	1284233.0	1592722.5	1889672.0	2158223.25	2161296.0	959779.0
Burkholderiales	1926392.6	3027633.0	3942086.0	5043160.0	6720512.3999999985	1754988.0	1356428.0	1586705.0	833125.0	6832523.0	7388698.0	1703159.0	464857.0	7110107.0	1787912.0	1922095.0	8039486.0	6761832.0	7693415.0	9120800.0	1881163.0	6772294.0	7499459.0	7530059.0	6829625.0	1607491.0	8350386.0	1739054.0	7177303.0	912463.0	1922705.0	8576517.0	1829925.0	1337549.0	1850873.0	1875308.0	7239946.0	1839500.0	8162227.0	7437157.0	6838454.0	1831940.0	7195716.0
Erysipelotrichales	1512626.7	1979579.0	2506243.0	3123955.0	3803241.1999999997	1177939.0	3817085.0	5051129.0	1509026.0	1308968.0	3879051.0
Methanobacteriales	1466858.8	2098097.0	2349247.0	2546541.0	2881915.0	2937203.0	1243342.0
Thermoplasmatales	1518107.4	1659469.0	1726377.0	1935211.0	2066427.5999999996	1476426.0	2226687.0
Selenomonadales	2413479.5	2526418.0	2618064.5	3068770.0	4031566.75	2311043.0	4134382.0
Desulfobacterales	2482341.2	3977860.5	5157696.0	5992101.5	7304377.700000001	8413530.0	1943540.0	8027777.0	1941839.0
Leptospirales	3163145.75	4094141.0	4569184.5	5395331.25	6035831.0	2382527.0	6065675.0
Rs-D84	778969.2	827946.0	874588.0	1001484.0	1038804.8	1048135.0	766725.0
Pseudomonadales	2367759.7	3425880.75	4127484.5	4819654.0	6587322.749999999	1920432.0	7174779.0	2200865.0	6619611.0	2346037.0	2295583.0	2120587.0	1935310.0	2017386.0	6826062.0	7215267.0	6687090.0	2241797.0	7751039.0	6605154.0	1518064.0	7675262.0	7220701.0	7113812.0	2071197.0
TANB77	1132351.0	1267196.5	1440023.0	1537525.0	1644730.4	1127929.0	1747832.0	1663160.0	1044948.0
Rickettsiales	839692.2000000001	1148446.0	1524382.5	1846767.75	2532925.7499999995	2536248.0	3294490.0	615872.0	2623967.0	633143.0	837348.0
Chlamydiales	1205214.0	1616904.0	1824478.0	2527989.0	3072383.0	1163660.0	1101914.0	3424182.0	3141149.0
Lachnospirales	2166723.75	2659219.0	3168046.5	4002713.0	5755434.25	7291680.0	6741770.0	2164665.0	1546007.0	2008741.0	6083211.0	2035557.0	5853953.0	1398219.0	2074900.0	5799088.0	2128862.0	6354838.0	6931886.0	2145120.0	6636152.0	2011925.0	7561574.0	1764886.0	6078874.0	1671984.0	1649642.0	7225339.0	6325483.0
Tissierellales	1574449.75	1911528.25	2347970.0	3096995.75	4085149.0	4186474.0	1516154.0	4085659.0	4779602.0	1534486.0	1499757.0
PCC-6307	1690102.1	1813516.0	2595783.0	2974772.5	3538488.5999999996	3860130.0	3672318.0	1398838.0	1688963.0
Rhodospirillales_A	2052033.0	3424971.0	3795985.0	4226795.0	4788531.0	5047550.0	2030970.0
Myxococcales	4350553.0	5304861.0	6987298.0	10134447.0	13213980.0	13548078.0	4140991.0
Caulobacterales	2710563.0	3017412.0	3412615.0	3840556.25	4758638.5	5649484.0	5963910.0	2673433.0	2633741.0	2690927.0	4890572.0
Bacillales_D	2651426.2	3095919.0	3728451.0	4035571.0	4822792.0	5088110.0	5167912.0	4887025.0	2569486.0	2529324.0	2527601.0
Victivallales	2314423.5	2844583.5	3533848.0	4241201.0	5578906.0	2285354.0	5915131.0
Ignavibacteriales	2958653.0500000003	3746370.0	4192753.5	4574790.0	4855536.6	4977189.0	2755582.0	2275441.0	4942932.0
Methanosarcinales	1843376.7	2051830.25	2490632.0	2983080.0	5058481.199999998	1778439.0	5751492.0
Veillonellales	1325982.6	1516237.0	1826083.0	2324129.0	2742796.3999999994	2877851.0	1274073.0
Clostridiales	2675434.55	3143031.5	4041404.0	4788403.75	5662892.1	1654902.0	2410656.0	5749410.0	6364326.0	6666445.0	2644756.0
Desulfovibrionales	2062527.8	3403703.0	3720107.0	4151055.0	4816853.500000001	5315620.0	1475759.0	5767550.0	1719014.0
Lactobacillales	1461315.2	2046826.0	2509470.0	2844986.0	3658391.1999999997	4882096.0	3889849.0	1287125.0	1281548.0	1389919.0	1441290.0	3860943.0	3663708.0	3928141.0	1414204.0
Deinococcales	2221056.25	2424017.25	3225513.0	3578999.5	4804534.0	5676994.0	2076724.0
Exiguobacterales	3159062.85	3178250.25	3202234.5	3226218.75	3245406.15	3250203.0	3154266.0
Acetobacterales	2021394.0	3039554.75	3661230.5	4993446.25	6409020.0	7423543.0	6548652.0	2014074.0	1945529.0	6661959.0	1961668.0
Paenibacillales	3706919.6	5041867.0	5930559.0	7538711.0	9027406.7	3103682.0	9451840.0	3699708.0	3608107.0	10219980.0	9041977.0
Streptosporangiales	5253184.1	6277626.5	7798420.0	9261804.75	10799637.149999999	4386836.0	11651000.0	10822275.0	5253007.0	13047416.0	4935250.0
Sphingobacteriales	2349913.6	3796143.5	4791521.0	5495355.0	7184235.999999999	2341987.0	7251189.0	8130403.0	1657114.0
Methanomassiliicoccales	1292664.6	1495743.75	1860555.5	1978775.25	2492160.9	2620233.0	1238881.0
Bacteroidales	1976035.8	2541956.0	3149227.0	4118748.0	5721009.8	7232622.0	5800440.0	5982061.0	1860367.0	7935079.0	6030602.0	7238377.0	1956007.0	5920444.0	1550467.0	7811310.0	1910000.0	1224919.0	1817322.0	1570524.0	1920539.0	5729085.0	5743229.0	1623436.0	1859265.0	7053599.0	1926634.0
Actinomycetales	1744880.2	2782632.0	3481762.0	4174639.5	5055228.199999999	927303.0	9010938.0	1606315.0	5648255.0	928029.0	1416717.0	5158447.0	1471337.0	1540829.0	5563753.0	1684407.0	5670046.0	5299525.0	1430433.0	1473866.0	1362706.0	5316486.0	5420910.0	6848551.0	5105677.0	771543.0	5390744.0	1555687.0	5153370.0
Nitrososphaerales	1326857.5	1577363.25	1763017.0	2185221.0	3073456.25	3430706.0	1232128.0
Rhizobiales	2977857.0	3785098.0	4632210.0	5465876.0	7269557.299999998	1868279.0	8451969.0	2920125.0	7551292.0	7354671.0	11399526.0	8839022.0	2608923.0	2912937.0	9631051.0	1860633.0	2708601.0	8193889.0	2907212.0	10286634.0	2526949.0	7938383.0	2818071.0	7354253.0	8125528.0	1079362.0	7503296.0	2753045.0	2286879.0
Propionibacteriales	2377845.25	3170580.25	3889688.0	4453941.25	7031011.75	2266775.0	2010679.0	8156807.0	8519422.0	7240126.0	1875921.0
Coriobacteriales	1483141.85	1913514.75	2279555.0	2773783.25	3753813.5499999993	1447017.0	1284045.0	4016902.0	4175177.0	1071176.0	3873418.0	1447956.0	3948172.0
Pelagibacterales	976140.25	995788.75	1151222.5	1263908.5	1340253.0	1365705.0	969940.0
