DATASET_BOXPLOT
SEPARATOR TAB
COLOR	#000000
DATASET_LABEL	Metallophore_Size
DATA
Treponematales	0.0	0.0	0.0	0.0	0.0
HIMB59	0.0	0.0	0.0	0.0	0.0
Mycoplasmatales	0.0	0.0	0.0	0.0	0.0
Borreliales	0.0	0.0	0.0	0.0	0.0
Campylobacterales	0.0	0.0	0.0	0.0	0.0
Micrarchaeales	0.0	0.0	0.0	0.0	0.0
Rhodobacterales	0.0	0.0	0.0	0.0	14272.1	41335.0	83192.0	92330.0	81679.0	50141.0	45977.0	50016.0	48392.0	38346.0	29470.0	14519.0	14315.0	52113.0
Xanthomonadales	0.0	0.0	0.0	0.0	14761.9	199233.0	48368.0	14797.0	49595.0
Chlorobiales	0.0	0.0	0.0	0.0	0.0
Nitrospirales	0.0	0.0	0.0	0.0	88781.05	89160.0
Peptostreptococcales	0.0	0.0	0.0	0.0	0.0
Fusobacteriales	0.0	0.0	0.0	0.0	0.0
Oscillospirales	0.0	0.0	0.0	0.0	0.0
Staphylococcales	0.0	0.0	0.0	9813.0	36268.14999999999	41170.0
Bacillales	0.0	0.0	0.0	13585.0	51715.5	52821.0	67268.0	51796.0	65457.0	51914.0	51824.0
Enterobacterales_A	0.0	0.0	0.0	12394.0	68265.19999999998	118453.0	206698.0	93673.0	69338.0	85563.0	76294.0	122822.0
Balneolales	0.0	0.0	0.0	0.0	0.0
Vampirovibrionales	0.0	0.0	0.0	0.0	0.0
Flavobacteriales	0.0	0.0	0.0	0.0	0.0	14912.0	11814.0	15641.0	34669.0	14916.0	15671.0	12424.0
Rhodothermales	0.0	0.0	0.0	0.0	0.0
PS1	0.0	0.0	0.0	0.0	0.0
Streptomycetales	15715.2	23553.0	75136.0	131494.0	230752.19999999972	15492.0	356298.0
Cyanobacteriales	0.0	0.0	16910.0	78407.0	142616.69999999998	190414.0	285128.0	143331.0	159691.0	152474.0	154368.0
Verrucomicrobiales	0.0	0.0	0.0	0.0	0.0	21095.0
Sulfolobales	0.0	0.0	0.0	0.0	0.0
UBA6257	0.0	0.0	0.0	0.0	0.0
Methanomicrobiales	0.0	0.0	0.0	0.0	0.0
Methylococcales	0.0	0.0	0.0	14814.0	71329.59999999998	73120.0	75522.0
Francisellales	13762.4	15018.0	15512.0	20557.5	26767.1	13373.0	27296.0
Mycobacteriales	0.0	14823.5	58614.0	90356.5	193606.2	200937.0	193616.0	310231.0	239048.0	282684.0	253850.0
Enterobacterales	0.0	0.0	14406.0	56838.0	111606.99999999999	131646.0	147481.0	132401.0	112217.0	143505.0	126508.0	132667.0	116421.0
Halobacteriales	0.0	0.0	0.0	15533.75	26956.049999999996	31792.0	27994.0	27941.0	27268.0
Cytophagales	0.0	0.0	0.0	0.0	11826.55	16763.0	11836.0	14873.0	16745.0	22578.0	19642.0
Sphingomonadales	0.0	0.0	0.0	0.0	0.0	14370.0	17037.0
Gemmatimonadales	0.0	0.0	0.0	0.0	0.0
Legionellales	0.0	0.0	11731.0	11738.5	29716.5	47690.0
Acholeplasmatales	0.0	0.0	0.0	0.0	0.0
Burkholderiales	0.0	0.0	0.0	0.0	71616.4	87699.0	82147.0	81872.0	91144.0	87821.0	75104.0	159873.0	82532.0	71809.0	128396.0	114340.0	126278.0	129554.0	76619.0	87660.0	73791.0	90618.0	92707.0	85306.0
Erysipelotrichales	0.0	0.0	0.0	0.0	0.0
Methanobacteriales	0.0	0.0	0.0	0.0	0.0
Thermoplasmatales	0.0	0.0	0.0	0.0	0.0
Selenomonadales	0.0	0.0	0.0	0.0	0.0
Desulfobacterales	0.0	0.0	0.0	0.0	0.0
Leptospirales	0.0	0.0	0.0	0.0	3993.0	15972.0
Rs-D84	0.0	0.0	0.0	0.0	0.0
Pseudomonadales	0.0	0.0	0.0	14891.5	91303.39999999998	114378.0	92018.0	173242.0	177606.0	179706.0	122125.0	127049.0	141430.0	136071.0	121724.0
TANB77	0.0	0.0	0.0	0.0	0.0
Rickettsiales	0.0	0.0	0.0	0.0	0.0	11992.0
Chlamydiales	0.0	0.0	0.0	0.0	0.0	11293.0
Lachnospirales	0.0	0.0	0.0	0.0	0.0	76504.0
Tissierellales	0.0	0.0	0.0	0.0	0.0	56776.0
PCC-6307	0.0	0.0	0.0	0.0	0.0
Rhodospirillales_A	0.0	0.0	0.0	0.0	0.0
Myxococcales	0.0	0.0	0.0	49043.0	98703.0	101017.0
Caulobacterales	0.0	0.0	0.0	0.0	0.0
Bacillales_D	0.0	0.0	0.0	0.0	15665.199999999999	15892.0	65389.0	52543.0
Victivallales	0.0	0.0	0.0	0.0	0.0
Ignavibacteriales	0.0	0.0	0.0	0.0	0.0
Methanosarcinales	0.0	0.0	0.0	0.0	0.0
Veillonellales	0.0	0.0	0.0	0.0	0.0
Clostridiales	0.0	0.0	0.0	0.0	0.0	11959.0
Desulfovibrionales	0.0	0.0	0.0	0.0	0.0	66711.0
Lactobacillales	0.0	0.0	0.0	0.0	0.0
Deinococcales	0.0	0.0	0.0	0.0	0.0
Exiguobacterales	663.85	3319.25	6638.5	9957.75	12613.15	13277.0	0.0
Acetobacterales	0.0	0.0	0.0	0.0	14802.25	15121.0	21384.0	48609.0
Paenibacillales	0.0	0.0	16055.0	31579.0	75118.19999999997	120252.0	77328.0	99048.0
Streptosporangiales	12957.3	29941.0	65575.5	85011.0	135035.69999999998	11821.0	135227.0	165776.0	12945.0	0.0	140675.0
Sphingobacteriales	0.0	0.0	0.0	0.0	0.0
Methanomassiliicoccales	0.0	0.0	0.0	0.0	0.0
Bacteroidales	0.0	0.0	0.0	0.0	0.0
Actinomycetales	0.0	0.0	0.0	0.0	41503.349999999875	81336.0	50145.0	54483.0	73446.0	70705.0	68138.0	143259.0	48464.0	64416.0	99893.0	79911.0	68950.0
Nitrososphaerales	0.0	0.0	0.0	0.0	0.0
Rhizobiales	0.0	0.0	0.0	0.0	48306.2	48440.0	94410.0	50422.0	48419.0	50459.0	65315.0	51570.0	71705.0	48583.0	48415.0	62362.0	48522.0
Propionibacteriales	0.0	0.0	0.0	0.0	68023.5	74618.0	87234.0	112057.0
Coriobacteriales	0.0	0.0	0.0	0.0	0.0
Pelagibacterales	0.0	0.0	0.0	0.0	0.0
