DATASET_BOXPLOT
SEPARATOR TAB
COLOR	#000000
DATASET_LABEL	NRPS_Size
DATA
Treponematales	0.0	0.0	0.0	0.0	30127.29999999997	49576.0	43039.0
HIMB59	0.0	0.0	0.0	0.0	0.0
Mycoplasmatales	0.0	0.0	0.0	0.0	0.0
Borreliales	0.0	0.0	0.0	0.0	0.0
Campylobacterales	0.0	0.0	0.0	0.0	0.0	22382.0	65520.0
Micrarchaeales	0.0	0.0	0.0	0.0	0.0
Rhodobacterales	0.0	0.0	38209.0	52022.25	102058.35	115742.0	118993.0	102281.0	105327.0	127198.0	133523.0	156709.0	119619.0	102176.0	137710.0	112994.0	140716.0	103122.0
Xanthomonadales	0.0	0.0	0.0	49805.75	213988.39999999994	219789.0	329442.0	331266.0	477092.0
Chlorobiales	0.0	0.0	0.0	34199.25	46241.75	46456.0
Nitrospirales	0.0	0.0	0.0	50052.25	136681.95	137421.0
Peptostreptococcales	0.0	0.0	0.0	0.0	55270.999999999985	213756.0	64980.0	59254.0	90772.0
Fusobacteriales	0.0	0.0	0.0	0.0	6427.049999999939	42847.0
Oscillospirales	0.0	0.0	0.0	0.0	48734.79999999998	87346.0	94391.0	67970.0	48979.0	72248.0	79279.0	71021.0	106754.0	97530.0	50974.0	61244.0	55206.0	69658.0
Staphylococcales	0.0	0.0	0.0	0.0	25946.79999999995	47176.0
Bacillales	0.0	0.0	0.0	0.0	94767.5	120272.0	300349.0	165288.0	151095.0	117658.0	138475.0
Enterobacterales_A	0.0	0.0	0.0	0.0	214542.99999999945	252895.0	474812.0	655055.0	285295.0	261677.0	396159.0	494640.0
Balneolales	0.0	0.0	0.0	0.0	0.0
Vampirovibrionales	0.0	0.0	0.0	0.0	0.0
Flavobacteriales	0.0	0.0	0.0	0.0	53939.549999999974	84180.0	99918.0	75982.0	54468.0	101721.0	58047.0	117318.0	110911.0	98663.0	84740.0	82978.0	278160.0	92575.0	147907.0
Rhodothermales	0.0	0.0	0.0	0.0	15498.349999999984	44281.0
PS1	0.0	0.0	0.0	0.0	0.0
Streptomycetales	0.0	273583.0	403535.0	578069.0	1259943.7999999998	1373732.0
Cyanobacteriales	0.0	92096.0	174190.0	320815.5	599213.6	599762.0	1225666.0	619677.0	686357.0	716179.0	604572.0
Verrucomicrobiales	0.0	0.0	0.0	40367.0	98629.4	103097.0	98670.0
Sulfolobales	0.0	0.0	0.0	0.0	0.0
UBA6257	0.0	0.0	0.0	0.0	0.0
Methanomicrobiales	0.0	0.0	0.0	0.0	0.0
Methylococcales	0.0	0.0	75522.0	134869.0	280893.1999999999	288571.0	295695.0
Francisellales	0.0	0.0	45264.0	46403.5	47973.7	48556.0
Mycobacteriales	0.0	96227.0	248620.0	499011.5	961024.4999999995	1321192.0	1108488.0	1081099.0	1504271.0	1211056.0	1133705.0
Enterobacterales	0.0	0.0	43867.0	63937.0	226108.79999999993	230130.0	799757.0	265529.0	419653.0	784528.0	389132.0	231070.0	327485.0
Halobacteriales	0.0	0.0	0.0	0.0	0.0
Cytophagales	0.0	0.0	0.0	1337.25	105466.9	151284.0	482734.0	139820.0	129049.0	106744.0	116532.0
Sphingomonadales	0.0	0.0	0.0	0.0	51134.75	71759.0	94474.0	51399.0	51135.0	51259.0
Gemmatimonadales	0.0	0.0	0.0	685.75	130822.6	145635.0
Legionellales	57297.0	72762.0	101215.0	148219.5	248423.0	47690.0	293887.0
Acholeplasmatales	0.0	0.0	0.0	0.0	47639.0	48920.0
Burkholderiales	0.0	0.0	0.0	44104.0	143050.79999999973	167801.0	333893.0	254997.0	152484.0	213148.0	154879.0	150192.0	311152.0	168806.0	156784.0	306503.0	256893.0	156237.0	450926.0	170850.0	233865.0	743650.0	271901.0	166473.0
Erysipelotrichales	0.0	0.0	0.0	0.0	0.0	47281.0
Methanobacteriales	0.0	0.0	0.0	48268.0	109432.99999999996	154521.0
Thermoplasmatales	0.0	0.0	0.0	0.0	0.0
Selenomonadales	0.0	0.0	0.0	0.0	83647.25	196292.0
Desulfobacterales	0.0	0.0	0.0	47710.0	116346.90000000007	341382.0	158574.0
Leptospirales	0.0	0.0	0.0	0.0	17898.0	67806.0
Rs-D84	0.0	0.0	0.0	0.0	0.0
Pseudomonadales	0.0	0.0	0.0	59784.75	311868.54999999976	864563.0	325074.0	464620.0	330647.0	317752.0	320865.0	394276.0	365010.0	535811.0	347965.0
TANB77	0.0	44213.5	44320.0	47425.0	47457.4	47461.0	47461.0
Rickettsiales	0.0	0.0	0.0	0.0	44344.44999999999	59813.0	88063.0	44449.0
Chlamydiales	0.0	0.0	0.0	0.0	60290.0	66243.0	70735.0
Lachnospirales	0.0	0.0	0.0	0.0	85679.0	91918.0	138435.0	135396.0	99805.0	166892.0	94042.0	515806.0	86588.0	110158.0	179555.0	163435.0	273564.0
Tissierellales	0.0	0.0	0.0	0.0	90962.75	121865.0	267384.0	103481.0
PCC-6307	0.0	0.0	0.0	0.0	48312.4	48730.0	59884.0
Rhodospirillales_A	0.0	0.0	0.0	0.0	98413.0	100253.0
Myxococcales	0.0	0.0	83811.0	769818.0	1000120.0	1122308.0
Caulobacterales	0.0	0.0	0.0	0.0	87873.5	93841.0	113577.0	189601.0
Bacillales_D	0.0	0.0	0.0	0.0	43246.0	49837.0	43372.0	52543.0
Victivallales	0.0	0.0	0.0	0.0	0.0
Ignavibacteriales	0.0	0.0	0.0	0.0	57528.04999999995	110999.0	65345.0
Methanosarcinales	0.0	0.0	0.0	0.0	0.0
Veillonellales	0.0	0.0	0.0	0.0	0.0
Clostridiales	0.0	0.0	0.0	8114.25	294992.55	473125.0	297158.0	388145.0
Desulfovibrionales	0.0	0.0	0.0	45103.0	73273.30000000002	99679.0	86497.0
Lactobacillales	0.0	0.0	0.0	0.0	0.0	54583.0
Deinococcales	0.0	0.0	0.0	0.0	24213.25	96853.0
Exiguobacterales	0.0	0.0	0.0	0.0	0.0
Acetobacterales	0.0	0.0	0.0	0.0	64107.0	89195.0	84411.0	170322.0
Paenibacillales	0.0	0.0	79116.0	205832.0	447222.59999999986	776947.0	462279.0	454991.0
Streptosporangiales	2500.5500000000134	151914.5	282679.0	450231.75	589333.85	0.0	0.0	724909.0	589931.0	0.0	717372.0
Sphingobacteriales	0.0	0.0	0.0	49635.5	175840.09999999983	242540.0	188140.0
Methanomassiliicoccales	0.0	0.0	0.0	0.0	0.0
Bacteroidales	0.0	0.0	0.0	0.0	47421.99999999999	48382.0	48964.0	67780.0	288735.0	47890.0	48961.0	48289.0	123852.0	64914.0	56897.0	50896.0
Actinomycetales	0.0	0.0	0.0	0.0	67422.65	471209.0	84956.0	109438.0	100400.0	107195.0	84090.0	137466.0	155039.0	68138.0	71763.0	143259.0	99893.0
Nitrososphaerales	0.0	0.0	0.0	0.0	0.0
Rhizobiales	0.0	0.0	0.0	42622.5	98658.25	126217.0	202681.0	114279.0	325555.0	140754.0	200397.0	139177.0	150259.0	106842.0	194366.0	131712.0	98824.0
Propionibacteriales	0.0	0.0	0.0	0.0	135808.25	164463.0	303485.0	143416.0
Coriobacteriales	0.0	0.0	0.0	0.0	49136.8	49141.0	103165.0	69542.0	101017.0
Pelagibacterales	0.0	0.0	0.0	0.0	0.0
