DATASET_BOXPLOT
SEPARATOR TAB
COLOR	#000000
DATASET_LABEL	NRPS_or_PKS_Size
DATA
Treponematales	0.0	0.0	0.0	0.0	30127.29999999997	49576.0	43039.0
HIMB59	0.0	0.0	0.0	0.0	0.0
Mycoplasmatales	0.0	0.0	0.0	0.0	0.0
Borreliales	0.0	0.0	0.0	0.0	0.0
Campylobacterales	0.0	0.0	0.0	0.0	0.0	22382.0	65520.0
Micrarchaeales	0.0	0.0	0.0	0.0	0.0
Rhodobacterales	0.0	0.0	43981.0	52098.5	105238.6	115742.0	118993.0	105327.0	130671.0	127198.0	133523.0	156709.0	119619.0	137710.0	158609.0	136151.0	140716.0	136152.0
Xanthomonadales	0.0	0.0	0.0	53578.5	258167.54999999938	329442.0	357535.0	331266.0	506064.0
Chlorobiales	0.0	0.0	12159.0	40278.75	77182.25	87710.0
Nitrospirales	0.0	0.0	0.0	50515.5	136681.95	137421.0
Peptostreptococcales	0.0	0.0	0.0	0.0	55270.999999999985	213756.0	64980.0	59254.0	90772.0
Fusobacteriales	0.0	0.0	20556.5	41165.5	41449.6	42847.0
Oscillospirales	0.0	0.0	0.0	0.0	48734.79999999998	87346.0	94391.0	67970.0	48979.0	72248.0	79279.0	71021.0	106754.0	97530.0	80340.0	61244.0	55206.0	69658.0
Staphylococcales	0.0	0.0	0.0	30877.5	72989.69999999994	99024.0
Bacillales	0.0	41071.0	41086.0	41098.0	115309.0	161361.0	341453.0	206380.0	192181.0	117658.0	179552.0
Enterobacterales_A	0.0	0.0	0.0	0.0	214542.99999999945	252895.0	515856.0	702613.0	302626.0	261677.0	396159.0	554768.0
Balneolales	27345.0	32586.0	33645.0	41098.0	49427.99999999997	82412.0	21373.0
Vampirovibrionales	0.0	0.0	0.0	0.0	0.0
Flavobacteriales	0.0	0.0	0.0	41056.0	95997.69999999995	149410.0	140974.0	115998.0	97826.0	142810.0	158380.0	151964.0	139719.0	172069.0	134291.0	419468.0	96844.0	133628.0	147907.0
Rhodothermales	0.0	41092.75	41123.5	41146.0	89629.54999999999	97334.0
PS1	0.0	0.0	0.0	0.0	0.0
Streptomycetales	121744.20000000001	389453.0	659577.0	960072.0	1988822.9999999988	2506650.0	72495.0
Cyanobacteriales	0.0	126359.0	206290.0	370606.5	729432.7999999997	745897.0	1374765.0	766907.0	787336.0	738269.0	745550.0
Verrucomicrobiales	0.0	12534.0	41026.0	95108.0	129546.0	129564.0	139693.0
Sulfolobales	0.0	0.0	0.0	0.0	0.0
UBA6257	0.0	0.0	0.0	0.0	0.0
Methanomicrobiales	0.0	0.0	0.0	0.0	0.0
Methylococcales	0.0	0.0	109868.0	142967.0	332342.19999999984	403065.0	343285.0
Francisellales	0.0	0.0	45264.0	46403.5	80822.59999999996	95483.0
Mycobacteriales	41064.1	164344.5	377221.0	784734.0	1462021.8999999994	41038.0	41029.0	41062.0	0.0	1762874.0	1586344.0	0.0	2005156.0	1672330.0	1824144.0	25872.0	1800768.0
Enterobacterales	0.0	0.0	43867.0	67354.0	275033.3999999999	337758.0	844529.0	300583.0	419653.0	784528.0	389132.0	281603.0	327485.0
Halobacteriales	0.0	0.0	0.0	0.0	0.0
Cytophagales	0.0	41067.25	41111.5	84214.0	164524.69999999995	233600.0	173151.0	568937.0	182000.0	180978.0	170156.0
Sphingomonadales	0.0	0.0	41048.5	41092.0	91116.5	92199.0	94474.0	96641.0	92107.0	92357.0
Gemmatimonadales	0.0	0.0	0.0	685.75	130822.6	145635.0
Legionellales	57297.0	72762.0	111201.0	167191.0	288556.5	47690.0	374154.0
Acholeplasmatales	0.0	0.0	0.0	41146.0	47639.0	48920.0
Burkholderiales	0.0	0.0	0.0	49284.0	153441.99999999994	156958.0	167801.0	333893.0	254997.0	213148.0	154879.0	311152.0	168806.0	204422.0	406382.0	256893.0	270202.0	156237.0	497483.0	170850.0	233865.0	743650.0	271901.0	166473.0
Erysipelotrichales	0.0	0.0	0.0	0.0	0.0	47281.0
Methanobacteriales	0.0	0.0	0.0	48268.0	109432.99999999996	154521.0
Thermoplasmatales	0.0	0.0	0.0	0.0	0.0
Selenomonadales	0.0	0.0	0.0	10261.75	83647.25	196292.0
Desulfobacterales	0.0	47032.0	72022.0	108193.5	200142.40000000002	577783.0	206050.0
Leptospirales	0.0	0.0	0.0	41053.0	70214.0	153902.0
Rs-D84	0.0	0.0	0.0	0.0	0.0
Pseudomonadales	0.0	0.0	0.0	88673.0	320398.05	409387.0	1068321.0	325074.0	512816.0	388474.0	320865.0	480757.0	365010.0	667445.0	347965.0
TANB77	0.0	44213.5	44320.0	47425.0	47457.4	47461.0	47461.0
Rickettsiales	0.0	0.0	0.0	0.0	44344.44999999999	59813.0	88063.0	44449.0
Chlamydiales	0.0	0.0	41083.0	41143.0	107269.0	126354.0	111884.0
Lachnospirales	0.0	0.0	0.0	0.0	85679.0	91918.0	138435.0	135396.0	99805.0	166892.0	94042.0	529479.0	86588.0	110158.0	273560.0	163435.0	273564.0
Tissierellales	0.0	0.0	0.0	0.0	90962.75	121865.0	267384.0	103481.0
PCC-6307	0.0	0.0	0.0	66685.5	123425.09999999999	129666.0	205207.0
Rhodospirillales_A	0.0	0.0	0.0	43420.0	100253.0	172634.0
Myxococcales	31521.0	81305.0	158134.0	1025275.0	1133438.0	1418981.0	0.0
Caulobacterales	0.0	0.0	0.0	37901.25	108661.0	113577.0	189601.0	111027.0
Bacillales_D	0.0	41065.0	41095.0	80290.0	83948.6	90923.0	100029.0	84461.0
Victivallales	0.0	0.0	0.0	0.0	0.0
Ignavibacteriales	0.0	0.0	0.0	0.0	62465.89999999998	152088.0	65345.0
Methanosarcinales	0.0	0.0	0.0	0.0	0.0
Veillonellales	0.0	0.0	0.0	0.0	0.0
Clostridiales	0.0	0.0	0.0	8114.25	294992.55	473125.0	297158.0	388145.0
Desulfovibrionales	0.0	0.0	0.0	46985.5	73273.30000000002	99679.0	86497.0
Lactobacillales	0.0	0.0	41152.0	41167.0	41194.6	41197.0	41200.0	95735.0	41218.0	48272.0
Deinococcales	0.0	0.0	40828.0	41071.75	100451.75	137891.0
Exiguobacterales	0.0	0.0	0.0	0.0	0.0
Acetobacterales	0.0	0.0	36871.0	49985.25	132719.0	172853.0	258713.0	139988.0
Paenibacillales	0.0	41141.5	99148.0	234947.5	447222.59999999986	921297.0	503428.0	454991.0
Streptosporangiales	92373.65000000001	382424.25	508800.5	736184.0	987461.5999999999	41053.0	1044973.0	989453.0	89078.0	91127.0	1032288.0
Sphingobacteriales	0.0	41087.0	41104.0	55066.0	217964.19999999984	332776.0	229250.0
Methanomassiliicoccales	0.0	0.0	0.0	0.0	0.0
Bacteroidales	0.0	0.0	0.0	0.0	47969.799999999996	76479.0	48964.0	67780.0	329836.0	63229.0	48289.0	123852.0	64914.0	56897.0	50896.0	89417.0
Actinomycetales	0.0	0.0	41102.5	41254.0	100660.79999999992	620537.0	145758.0	113596.0	161139.0	107195.0	137466.0	144656.0	196254.0	182010.0	184432.0	126586.0	105616.0
Nitrososphaerales	0.0	0.0	0.0	0.0	0.0
Rhizobiales	0.0	0.0	35944.5	50039.0	146542.64999999997	173576.0	243827.0	161674.0	380604.0	229316.0	241447.0	238848.0	200874.0	175373.0	147895.0	282211.0	179350.0
Propionibacteriales	0.0	0.0	0.0	41124.25	135808.25	237005.0	344532.0	143416.0
Coriobacteriales	0.0	0.0	0.0	0.0	49136.8	49141.0	103165.0	69542.0	101017.0
Pelagibacterales	0.0	0.0	0.0	0.0	0.0
