DATASET_BOXPLOT
SEPARATOR TAB
COLOR	#000000
DATASET_LABEL	PKS_Size
DATA
Treponematales	0.0	0.0	0.0	0.0	0.0
HIMB59	0.0	0.0	0.0	0.0	0.0
Mycoplasmatales	0.0	0.0	0.0	0.0	0.0
Borreliales	0.0	0.0	0.0	0.0	0.0
Campylobacterales	0.0	0.0	0.0	0.0	0.0	65520.0
Micrarchaeales	0.0	0.0	0.0	0.0	0.0
Rhodobacterales	0.0	0.0	41048.5	52032.0	98946.89999999998	118993.0	102281.0	130671.0	103797.0	133523.0	108861.0	105158.0	105191.0	101293.0	100646.0	101327.0	120263.0	140716.0
Xanthomonadales	0.0	0.0	0.0	47771.75	143288.14999999994	245984.0	203706.0	151770.0	232802.0
Chlorobiales	0.0	0.0	0.0	18238.5	37020.0	41254.0
Nitrospirales	0.0	0.0	0.0	0.0	92035.59999999999	97376.0
Peptostreptococcales	0.0	0.0	0.0	0.0	13411.199999999873	67631.0	59254.0	44704.0	90772.0
Fusobacteriales	0.0	0.0	0.0	41149.0	41177.5	41203.0
Oscillospirales	0.0	0.0	0.0	0.0	0.0	50752.0	30053.0	71021.0	29366.0	61244.0	69658.0
Staphylococcales	0.0	0.0	0.0	30877.5	47042.89999999999	51848.0
Bacillales	0.0	41066.5	41083.0	41089.0	41111.5	109726.0	41185.0	111010.0	154155.0	41119.0	101343.0
Enterobacterales_A	0.0	0.0	0.0	0.0	126727.59999999977	239702.0	562909.0	223402.0	207426.0	443633.0	142350.0	159451.0
Balneolales	27345.0	32586.0	33645.0	41098.0	49427.99999999997	82412.0	21373.0
Vampirovibrionales	0.0	0.0	0.0	0.0	0.0
Flavobacteriales	0.0	0.0	0.0	41053.0	71072.54999999944	89969.0	90470.0	115998.0	94921.0	109845.0	81923.0	87086.0	151964.0	89064.0	172069.0	365941.0	91696.0	90325.0	147907.0
Rhodothermales	0.0	41092.75	41123.5	41146.0	66800.24999999999	97334.0
PS1	0.0	0.0	0.0	0.0	0.0
Streptomycetales	121744.20000000001	214000.0	531042.0	599326.0	1499745.7999999984	2175539.0	72495.0
Cyanobacteriales	0.0	51678.0	137049.0	245103.5	492384.3999999997	961837.0	620230.0	518149.0	501760.0	529513.0	536463.0
Verrucomicrobiales	0.0	12534.0	41026.0	88994.5	129280.09999999999	129384.0	129564.0
Sulfolobales	0.0	0.0	0.0	0.0	0.0
UBA6257	0.0	0.0	0.0	0.0	0.0
Methanomicrobiales	0.0	0.0	0.0	0.0	0.0
Methylococcales	0.0	0.0	0.0	47680.0	215411.59999999971	308655.0	235539.0
Francisellales	0.0	0.0	0.0	0.0	32848.899999999965	46927.0
Mycobacteriales	18110.400000000005	73964.0	216546.0	438756.0	1078874.2	0.0	0.0	1123361.0	0.0	1222566.0	1227087.0	1108844.0	1542813.0	0.0	0.0	1389787.0	0.0
Enterobacterales	0.0	0.0	0.0	0.0	110747.19999999998	160152.0	143866.0	117681.0	294138.0	140499.0	361415.0	111800.0	157065.0
Halobacteriales	0.0	0.0	0.0	0.0	0.0
Cytophagales	0.0	41067.25	41110.0	49688.5	119658.79999999987	187081.0	568937.0	182000.0	142990.0	138872.0	139310.0
Sphingomonadales	0.0	0.0	41045.5	41083.0	87020.0	92199.0	94474.0	96641.0	92107.0	92357.0
Gemmatimonadales	0.0	0.0	0.0	0.0	50752.90000000004	99353.0
Legionellales	0.0	19315.0	66904.0	103327.5	168058.5	224916.0
Acholeplasmatales	0.0	0.0	0.0	0.0	41146.0
Burkholderiales	0.0	0.0	0.0	0.0	82492.59999999998	85134.0	120313.0	150921.0	115481.0	91144.0	83011.0	108540.0	154628.0	89525.0	93416.0	218544.0	136640.0	87660.0	319728.0	86047.0	140501.0	98712.0	129973.0	85306.0
Erysipelotrichales	0.0	0.0	0.0	0.0	0.0
Methanobacteriales	0.0	0.0	0.0	0.0	0.0
Thermoplasmatales	0.0	0.0	0.0	0.0	0.0
Selenomonadales	0.0	0.0	0.0	0.0	10261.75	41047.0
Desulfobacterales	0.0	45433.0	51757.0	91958.5	165832.0	418107.0	170134.0
Leptospirales	0.0	0.0	0.0	41053.0	69274.25	153902.0
Rs-D84	0.0	0.0	0.0	0.0	0.0
Pseudomonadales	0.0	0.0	0.0	41170.0	139460.0	654963.0	139526.0	271379.0	198491.0	153351.0	164068.0	160384.0	170922.0	530868.0	223404.0
TANB77	0.0	0.0	0.0	0.0	0.0
Rickettsiales	0.0	0.0	0.0	0.0	0.0	32520.0
Chlamydiales	0.0	0.0	41035.0	41104.0	41167.0	81265.0	126354.0
Lachnospirales	0.0	0.0	0.0	0.0	0.0	91226.0	77884.0	45010.0	71085.0	303559.0	94005.0	163435.0	134034.0
Tissierellales	0.0	0.0	0.0	0.0	0.0	69901.0	40588.0
PCC-6307	0.0	0.0	0.0	43483.0	123425.09999999999	129666.0	145323.0
Rhodospirillales_A	0.0	0.0	0.0	0.0	98413.0	172634.0
Myxococcales	31521.0	72857.0	95865.0	702706.0	861023.0	950238.0	0.0
Caulobacterales	0.0	0.0	0.0	0.0	51549.75	101563.0	52263.0	52093.0
Bacillales_D	0.0	41059.0	41089.0	65640.0	82261.4	82265.0	100029.0	82277.0
Victivallales	0.0	0.0	0.0	0.0	0.0
Ignavibacteriales	0.0	0.0	0.0	0.0	62465.89999999998	152088.0	65345.0
Methanosarcinales	0.0	0.0	0.0	0.0	0.0
Veillonellales	0.0	0.0	0.0	0.0	0.0
Clostridiales	0.0	0.0	0.0	0.0	148350.19999999998	226806.0	166160.0	153365.0
Desulfovibrionales	0.0	0.0	0.0	45613.5	67760.3	71804.0	86497.0
Lactobacillales	0.0	0.0	41152.0	41167.0	41194.6	41197.0	41200.0	95735.0	41218.0	48272.0
Deinococcales	0.0	0.0	40828.0	41071.75	100451.75	137891.0
Exiguobacterales	0.0	0.0	0.0	0.0	0.0
Acetobacterales	0.0	0.0	29382.0	46682.5	104668.5	104715.0	187423.0	139988.0
Paenibacillales	0.0	0.0	41164.0	128258.5	308297.8999999999	414506.0	325947.0	316213.0
Streptosporangiales	90427.1	261835.25	323607.5	450723.5	687306.5499999996	41053.0	759339.0	691862.0	843016.0	89078.0	41116.0
Sphingobacteriales	0.0	20542.5	41101.0	51294.5	107845.49999999994	251047.0	111840.0
Methanomassiliicoccales	0.0	0.0	0.0	0.0	0.0
Bacteroidales	0.0	0.0	0.0	0.0	39625.79999999998	76479.0	41056.0	329836.0	123852.0	41065.0	41059.0	41029.0	50896.0	43090.0	41065.0	89417.0
Actinomycetales	0.0	0.0	41080.0	41194.75	86209.09999999999	86591.0	450282.0	113596.0	106656.0	137466.0	93445.0	144656.0	91282.0	182010.0	121291.0	126586.0	91869.0
Nitrososphaerales	0.0	0.0	0.0	0.0	0.0
Rhizobiales	0.0	0.0	0.0	47452.75	102844.94999999984	127499.0	243827.0	161674.0	247990.0	137770.0	182642.0	200874.0	175373.0	239434.0	138063.0	108738.0	127937.0
Propionibacteriales	0.0	0.0	0.0	30508.5	69913.5	72542.0	109562.0	72492.0
Coriobacteriales	0.0	0.0	0.0	0.0	0.0
Pelagibacterales	0.0	0.0	0.0	0.0	0.0
