DATASET_BOXPLOT
SEPARATOR TAB
COLOR	#000000
DATASET_LABEL	Relaxed_BGCome_Size
DATA
Treponematales	0.0	12552.5	41816.0	48606.5	112035.09999999999	128282.0	113212.0
HIMB59	0.0	0.0	0.0	21942.0	21949.2	21951.0
Mycoplasmatales	0.0	0.0	0.0	0.0	0.0	10192.0
Borreliales	0.0	0.0	0.0	0.0	0.0
Campylobacterales	0.0	0.0	21883.0	53212.0	112841.5	114504.0	157717.0	202271.0
Micrarchaeales	0.0	0.0	0.0	0.0	0.0
Rhodobacterales	42397.05	88812.5	123443.5	166107.25	254195.95	39986.0	269461.0	0.0	21041.0	291822.0	20642.0	21026.0	41398.0	41758.0	431909.0	42022.0	295597.0	288012.0	264662.0	41755.0	254272.0	261862.0	269712.0	20618.0	320287.0	271426.0	21023.0	267431.0	41227.0	41263.0	272799.0
Xanthomonadales	11694.1	44400.0	98274.0	172902.0	388887.2999999996	0.0	525481.0	10801.0	438767.0	0.0	0.0	550548.0	736918.0
Chlorobiales	37995.5	47008.25	56906.0	65327.0	122329.75	140929.0	35557.0
Nitrospirales	83599.7	105999.25	164300.0	224472.5	339429.2	367452.0	82652.0
Peptostreptococcales	21596.5	32454.5	55079.0	97902.5	173799.89999999994	287330.0	21542.0	186682.0	21371.0	20141.0	21572.0	217332.0	197632.0
Fusobacteriales	41784.1	59045.5	83624.0	85320.5	106607.69999999998	114732.0	37954.0
Oscillospirales	0.0	21602.0	41997.0	68061.0	123106.39999999998	135652.0	134958.0	199222.0	123835.0	131834.0	168509.0	311133.0	159765.0	183084.0	127248.0	123286.0	138542.0	180066.0
Staphylococcales	0.0	0.0	20585.0	52621.5	139814.89999999988	195155.0
Bacillales	47841.5	84620.5	121316.0	166022.5	288117.0	44629.0	314361.0	20825.0	20828.0	297040.0	536860.0	288763.0	332310.0	0.0	44973.0	301366.0	21455.0
Enterobacterales_A	0.0	32499.0	61883.0	119803.0	319005.79999999993	325705.0	670873.0	863809.0	537741.0	510285.0	696689.0	336366.0
Balneolales	68666.2	80522.0	94756.0	111137.0	148973.59999999998	170260.0	63551.0
Vampirovibrionales	0.0	0.0	0.0	2718.25	9242.049999999996	10873.0
Flavobacteriales	0.0	20843.0	62019.0	114894.25	208585.6999999999	224571.0	210537.0	236352.0	225395.0	285019.0	271621.0	222043.0	226149.0	295388.0	275628.0	211463.0	269874.0	427867.0	575977.0
Rhodothermales	45886.45	82195.25	97735.5	128923.5	164932.5	41185.0	176509.0
PS1	0.0	0.0	0.0	0.0	18765.75	25021.0
Streptomycetales	362761.4	620599.0	1002089.0	1676395.0	2587257.5999999987	321827.0	3086304.0
Cyanobacteriales	89099.00000000001	269341.5	448729.0	659112.5	1110810.8999999997	62789.0	61798.0	1958314.0	66268.0	1118553.0	83708.0	1206529.0	1378837.0	20993.0	1287975.0	57314.0	1216695.0
Verrucomicrobiales	38588.2	91476.0	147962.0	183352.0	229601.4	230806.0	38472.0	273926.0	24459.0
Sulfolobales	0.0	0.0	11071.0	20837.0	65322.19999999995	92449.0	73603.0
UBA6257	0.0	0.0	0.0	0.0	0.0
Methanomicrobiales	21837.6	31775.0	48410.0	67443.5	87260.69999999991	127596.0	21816.0
Methylococcales	69044.6	120697.0	193674.0	273646.0	531323.5999999999	651648.0	541174.0	66623.0	41467.0
Francisellales	53120.100000000006	119999.0	133494.0	151457.0	180394.8	186972.0	25533.0
Mycobacteriales	156545.1	382960.5	677422.0	1199524.0	2084117.3	150516.0	136938.0	119250.0	2438899.0	2193280.0	0.0	2575007.0	2097733.0	2340969.0	90854.0	2436828.0	92469.0
Enterobacterales	0.0	0.0	123682.0	190390.0	393655.1999999999	526271.0	402908.0	1080342.0	472585.0	492044.0	1065968.0	439690.0	458017.0
Halobacteriales	40121.65	53087.5	69599.5	84655.25	118320.6	32736.0	251787.0	118443.0	127408.0	135280.0	32685.0	27261.0	32667.0
Cytophagales	42023.05	81057.75	109184.0	173381.5	269950.6	422342.0	755631.0	305110.0	42019.0	275653.0	360337.0	22567.0	16944.0	0.0	41998.0	277010.0	0.0
Sphingomonadales	24791.75	64576.5	92933.5	137086.75	231327.75	232195.0	13460.0	354390.0	24200.0	23052.0	24749.0	322201.0	287837.0	0.0	267447.0
Gemmatimonadales	19857.850000000002	40346.25	62137.5	99899.25	222926.60000000003	0.0	286683.0
Legionellales	101966.0	133060.0	191869.0	216718.5	364241.5	434798.0	98247.0
Acholeplasmatales	0.0	0.0	20598.5	50909.25	82566.5	83426.0
Burkholderiales	21858.8	65573.0	118918.0	206544.0	345230.9999999999	20858.0	20438.0	21667.0	21748.0	495816.0	0.0	363383.0	21809.0	521244.0	362351.0	14188.0	21693.0	527028.0	502212.0	446709.0	662633.0	427124.0	516179.0	20861.0	21651.0	21695.0	20855.0	21654.0	679069.0	0.0	421785.0	0.0	21662.0	0.0	397392.0	348969.0	0.0	391896.0	881612.0	386493.0	0.0	373385.0	458103.0
Erysipelotrichales	0.0	0.0	20261.0	32350.0	78532.09999999999	78649.0	94553.0	91655.0
Methanobacteriales	44683.200000000004	72367.0	88752.0	120062.0	173917.99999999997	203682.0	11200.0
Thermoplasmatales	0.0	0.0	0.0	0.0	22774.19999999998	31917.0
Selenomonadales	21608.75	29699.0	43077.0	63955.5	129941.25	291312.0	21596.0
Desulfobacterales	92435.5	137687.5	222720.0	332693.0	402989.4	426996.0	86788.0	949326.0	82495.0
Leptospirales	0.0	11262.25	36164.5	63445.5	191637.75	277833.0
Rs-D84	0.0	0.0	20795.0	20960.0	20964.8	20966.0
Pseudomonadales	10390.0	52292.0	107173.0	178795.25	484174.4499999999	1161490.0	0.0	495298.0	561010.0	0.0	487315.0	0.0	0.0	557441.0	0.0	0.0	571168.0	526104.0	0.0	0.0	657982.0	754889.0	714717.0	0.0
TANB77	23502.5	44255.5	64994.0	68252.5	86375.2	90408.0	88840.0	20915.0	20816.0
Rickettsiales	0.0	0.0	0.0	27501.5	59780.5	59813.0	109893.0	62628.0
Chlamydiales	0.0	42694.0	74552.0	107269.0	148702.0	170923.0	194252.0
Lachnospirales	20099.75	35895.0	64522.0	103845.25	191817.25	18087.0	238463.0	209652.0	11556.0	363901.0	195853.0	17331.0	0.0	0.0	17958.0	241369.0	19607.0	271931.0	874540.0	19134.0	0.0	0.0	258123.0	372967.0	0.0	0.0	472062.0	394538.0	410808.0
Tissierellales	21522.5	21710.75	47024.5	91064.75	173158.0	183067.0	21479.0	298538.0	549903.0	17215.0	15286.0
PCC-6307	40006.3	58469.0	77166.0	130055.0	218174.69999999998	226095.0	287417.0	39991.0	32114.0
Rhodospirillales_A	45773.0	74324.0	112896.0	179689.0	246051.0	19007.0	283863.0
Myxococcales	152134.0	193137.0	327001.0	1526107.0	1640748.0	1930997.0	139885.0
Caulobacterales	0.0	22359.0	68319.0	107601.75	179340.5	179924.0	349987.0	314974.0
Bacillales_D	39339.6	72388.0	93422.0	118009.0	153650.59999999995	26279.0	210444.0	31215.0	172472.0	21239.0	175646.0
Victivallales	0.0	20256.5	79035.0	95074.5	113482.5	124946.0
Ignavibacteriales	26476.050000000003	61609.25	77157.0	104147.25	159690.24999999997	213400.0	21702.0	164017.0	21697.0
Methanosarcinales	27385.4	35532.75	40509.5	52354.25	61225.99999999999	63107.0	21998.0
Veillonellales	12960.600000000002	21605.0	21630.0	21720.0	30014.59999999997	42254.0	0.0
Clostridiales	21584.65	51115.25	75292.0	147853.25	531977.1499999999	21374.0	621409.0	21564.0	668177.0	549999.0	21559.0
Desulfovibrionales	24832.9	72180.0	112208.0	153815.0	241997.00000000003	11728.0	401098.0	0.0	252149.0
Lactobacillales	0.0	12154.0	41164.0	61914.0	94579.79999999999	126386.0	102322.0	132378.0	183259.0	95607.0
Deinococcales	0.0	20907.5	63670.0	83096.0	161801.5	222109.0
Exiguobacterales	22386.75	28573.75	36307.5	44041.25	50228.25	51775.0	20840.0
Acetobacterales	37366.0	86835.75	128890.0	199524.75	303616.75	342346.0	329797.0	13454.0	344065.0	25073.0	25450.0
Paenibacillales	46581.200000000004	139595.0	234177.0	415508.0	646414.2999999999	1023262.0	778564.0	10384.0	45401.0	40531.0	650061.0
Streptosporangiales	319324.55	554787.5	785163.5	1129759.75	1448724.2999999996	121197.0	1524772.0	1501527.0	1452277.0	317748.0	254549.0
Sphingobacteriales	20837.0	56097.0	61950.0	128469.0	419061.89999999973	478948.0	18707.0	437215.0
Methanomassiliicoccales	11224.0	16357.75	25196.5	42185.0	65015.0	70761.0
Bacteroidales	0.0	20234.0	47593.0	104739.0	166083.4	231557.0	166789.0	220837.0	563453.0	173840.0	332576.0	178148.0	192372.0	224302.0	196258.0	193135.0
Actinomycetales	9793.55000000001	61728.5	112239.5	162704.0	255088.19999999992	0.0	0.0	979323.0	0.0	417698.0	0.0	0.0	296683.0	0.0	0.0	269252.0	0.0	305439.0	272314.0	259595.0	0.0	346738.0	0.0	352601.0	262500.0	0.0	0.0	262214.0	311266.0
Nitrososphaerales	0.0	19777.75	26551.0	45103.5	64165.25	68876.0
Rhizobiales	46820.65	91249.75	137333.5	181781.5	340974.25	39617.0	46002.0	454760.0	412515.0	639220.0	20786.0	370587.0	457120.0	362493.0	365033.0	23306.0	43119.0	20945.0	436933.0	344064.0	43011.0	0.0	20852.0	44046.0	349810.0	341888.0	46065.0	0.0	394942.0
Propionibacteriales	0.0	50581.75	79266.5	109386.0	343403.5	381421.0	525404.0	373216.0
Coriobacteriales	0.0	0.0	0.0	29674.5	78240.99999999999	166864.0	80845.0	158344.0	101017.0
Pelagibacterales	0.0	0.0	21906.0	21956.75	38745.0	53196.0
