DATASET_BOXPLOT
SEPARATOR TAB
COLOR	#000000
DATASET_LABEL	Total_CAZy
DATA
Treponematales	40.9	54.5	64.0	84.5	104.6	120.0	26.0	107.0	37.0
HIMB59	28.8	32.0	32.0	38.0	50.0	28.0	53.0
Mycoplasmatales	0.0	0.25	2.0	3.0	5.149999999999999	6.0	6.0
Borreliales	12.25	13.25	14.5	15.75	16.75	12.0	17.0
Campylobacterales	20.0	27.0	30.0	36.0	42.5	46.0	43.0	43.0	19.0	18.0	18.0
Micrarchaeales	9.1	12.0	14.0	15.0	17.9	7.0	20.0
Rhodobacterales	43.0	58.25	69.0	82.0	102.04999999999998	36.0	123.0	20.0	112.0	109.0	123.0	124.0	30.0	107.0	35.0	107.0	29.0	38.0	106.0	110.0	112.0	114.0	36.0	29.0	33.0	39.0	40.0	40.0	105.0	104.0
Xanthomonadales	41.0	57.25	77.0	98.5	153.35	35.0	33.0	161.0	180.0	159.0	154.0	38.0
Chlorobiales	52.25	59.75	63.5	71.0	78.25	50.0	80.0
Nitrospirales	22.95	33.0	71.5	90.75	120.05	21.0	122.0
Peptostreptococcales	8.0	29.0	45.0	67.0	86.3	87.0	106.0	7.0	110.0	5.0	146.0	7.0
Fusobacteriales	25.1	35.5	56.0	64.75	77.69999999999997	20.0	93.0
Oscillospirales	22.0	41.0	61.0	92.0	142.39999999999995	156.0	20.0	15.0	161.0	152.0	5.0	17.0	19.0	16.0	174.0	165.0	159.0	143.0	12.0	10.0	144.0	153.0	18.0	145.0	19.0	178.0	20.0	15.0	147.0	153.0
Staphylococcales	20.35	25.25	33.5	36.0	56.74999999999999	59.0	19.0
Bacillales	39.0	64.5	82.0	105.0	180.0	188.0	28.0	195.0	30.0	37.0	251.0	253.0	190.0	27.0	38.0	31.0	183.0
Enterobacterales_A	32.8	48.0	62.0	87.0	153.59999999999997	237.0	203.0	156.0	158.0	23.0	32.0	188.0	163.0	18.0	32.0	31.0	32.0	30.0	250.0
Balneolales	64.8	81.0	89.0	121.0	174.79999999999998	182.0	36.0
Vampirovibrionales	46.25	55.25	67.5	77.5	81.1	82.0	44.0
Flavobacteriales	33.0	62.0	81.0	135.0	219.0499999999999	1.0	254.0	27.0	221.0	0.0	272.0	17.0	262.0	24.0	17.0	32.0	240.0	248.0	232.0	0.0	229.0	295.0	17.0	232.0	30.0	264.0	245.0	228.0	315.0	22.0	23.0	6.0
Rhodothermales	69.65	74.25	98.5	118.75	144.0	69.0	157.0
PS1	10.5	18.75	30.5	33.25	34.0	9.0
Streptomycetales	89.0	174.0	228.0	287.0	423.79999999999995	440.0	74.0
Cyanobacteriales	71.3	125.0	161.0	196.5	251.79999999999995	31.0	253.0	69.0	71.0	35.0	275.0	268.0	334.0	284.0	292.0	69.0	68.0
Verrucomicrobiales	102.6	128.0	171.0	222.0	253.89999999999998	275.0	101.0	39.0	256.0
Sulfolobales	7.8	14.0	26.0	38.0	57.79999999999996	7.0	6.0	68.0	65.0
UBA6257	7.45	10.25	14.5	18.75	24.0	7.0	6.0	28.0
Methanomicrobiales	11.8	18.5	24.0	39.5	50.79999999999996	10.0	67.0
Methylococcales	41.2	68.0	89.0	93.0	122.39999999999999	41.0	123.0	129.0	36.0
Francisellales	26.0	34.5	39.0	44.5	47.0	23.0
Mycobacteriales	71.1	104.5	149.0	278.5	417.2999999999999	64.0	477.0	63.0	476.0	550.0	490.0	58.0	439.0	69.0	63.0	53.0	454.0
Enterobacterales	1.0	15.0	78.0	109.0	129.0	158.0	0.0	0.0	132.0	137.0	131.0	141.0	0.0	144.0	132.0	0.0
Halobacteriales	21.7	34.0	46.0	79.75	114.14999999999999	19.0	14.0	209.0	134.0	115.0	117.0	20.0	8.0
Cytophagales	60.45	112.25	200.5	274.75	348.0	366.0	45.0	60.0	372.0	13.0	8.0	377.0	48.0	376.0	396.0	9.0
Sphingomonadales	28.0	42.0	56.0	76.5	153.5	26.0	26.0	27.0	173.0	155.0	27.0	197.0	178.0	176.0	26.0
Gemmatimonadales	48.5	67.0	99.5	122.25	146.9000000000001	39.0	278.0
Legionellales	26.0	37.5	40.0	45.5	57.5	66.0	23.0
Acholeplasmatales	16.0	29.0	45.0	54.5	61.25	71.0	1.0
Burkholderiales	25.6	45.0	60.0	80.0	127.0	23.0	23.0	8.0	20.0	22.0	128.0	7.0	20.0	0.0	129.0	20.0	140.0	22.0	273.0	24.0	157.0	135.0	25.0	138.0	161.0	25.0	23.0	223.0	21.0	138.0	18.0	153.0	133.0	171.0	130.0	9.0	22.0	147.0	25.0	132.0	164.0	243.0
Erysipelotrichales	32.1	43.5	62.0	83.5	124.89999999999998	156.0	126.0	32.0	126.0	25.0	30.0
Methanobacteriales	21.4	29.0	38.0	42.0	43.2	44.0	19.0
Thermoplasmatales	17.6	21.0	27.0	32.0	36.8	14.0	38.0
Selenomonadales	48.25	57.75	62.5	76.5	96.25	97.0	46.0
Desulfobacterales	27.9	64.5	77.0	90.0	111.60000000000001	117.0	121.0	20.0	27.0
Leptospirales	55.75	73.75	78.5	85.75	97.5	52.0	102.0
Rs-D84	14.4	20.0	21.0	24.0	31.2	33.0	13.0
Pseudomonadales	31.15	44.75	56.0	73.0	168.54999999999998	28.0	182.0	29.0	26.0	205.0	22.0	31.0	283.0	169.0	30.0	24.0	187.0	232.0	31.0	251.0	179.0	30.0	179.0	177.0	27.0
TANB77	23.3	28.0	35.0	42.0	49.4	18.0	51.0	50.0	23.0
Rickettsiales	1.0500000000000003	5.25	16.5	23.75	37.84999999999999	1.0	44.0	38.0	1.0	0.0	44.0
Chlamydiales	12.0	31.0	37.0	42.0	52.0	54.0	6.0	58.0	11.0
Lachnospirales	33.0	55.0	82.0	132.25	216.5	24.0	28.0	427.0	218.0	310.0	20.0	219.0	32.0	227.0	31.0	23.0	236.0	254.0	299.0	253.0	32.0	267.0	27.0	407.0	24.0	254.0	31.0	28.0
Tissierellales	18.0	23.0	32.0	42.25	58.0	60.0	63.0	16.0	9.0
PCC-6307	29.5	42.5	61.0	72.5	85.7	91.0	86.0	28.0	28.0
Rhodospirillales_A	36.0	51.0	63.0	78.0	100.0	124.0	30.0
Myxococcales	61.0	107.0	131.0	209.0	324.0	346.0	57.0
Caulobacterales	43.0	53.0	64.5	84.0	135.5	139.0	252.0	35.0	173.0	41.0
Bacillales_D	39.2	52.0	79.0	102.0	143.2	247.0	145.0	31.0	38.0	145.0	34.0
Victivallales	91.5	127.5	159.0	276.5	372.0	90.0	378.0
Ignavibacteriales	81.65	119.75	134.0	173.75	236.69999999999996	247.0	243.0	74.0	66.0
Methanosarcinales	9.2	22.0	35.5	41.75	55.44999999999998	2.0	64.0
Veillonellales	16.6	21.0	29.0	33.0	47.79999999999999	52.0	16.0
Clostridiales	36.35	53.25	64.5	119.75	201.39999999999998	209.0	207.0	259.0	36.0	34.0	32.0
Desulfovibrionales	39.8	52.5	66.0	73.0	99.60000000000001	108.0	27.0	105.0	38.0
Lactobacillales	22.0	45.0	61.0	81.0	117.6	118.0	139.0	175.0	155.0	17.0	17.0	20.0	132.0	18.0
Deinococcales	42.0	62.0	83.5	92.25	164.5	232.0	39.0
Exiguobacterales	70.2	71.0	72.0	73.0	73.8	70.0	74.0
Acetobacterales	42.0	67.0	82.0	93.75	130.75	139.0	152.0	147.0	28.0	32.0
Paenibacillales	103.4	194.0	246.0	372.5	519.9	521.0	101.0	93.0	102.0	536.0	594.0
Streptosporangiales	89.80000000000001	133.5	202.0	272.5	386.44999999999993	78.0	387.0	395.0	89.0	466.0	73.0
Sphingobacteriales	54.2	149.0	268.0	319.5	345.7	46.0	54.0	347.0	427.0
Methanomassiliicoccales	7.0	9.5	14.5	22.0	37.7	39.0
Bacteroidales	45.8	77.0	113.0	180.0	331.99999999999983	377.0	351.0	43.0	433.0	400.0	571.0	40.0	461.0	45.0	432.0	37.0	374.0	17.0	45.0	445.0	375.0	28.0	28.0	45.0	37.0	41.0	344.0
Actinomycetales	29.0	57.0	84.0	116.5	178.04999999999998	11.0	26.0	179.0	300.0	186.0	200.0	195.0	204.0	219.0	23.0	8.0	18.0	221.0	17.0	25.0	12.0	25.0	182.0	265.0	196.0	7.0	17.0	189.0
Nitrososphaerales	8.5	12.75	16.5	21.75	34.75	4.0	37.0
Rhizobiales	43.0	65.0	82.0	103.0	141.29999999999995	29.0	153.0	160.0	157.0	157.0	153.0	26.0	42.0	161.0	29.0	27.0	143.0	153.0	37.0	166.0	38.0	152.0	42.0	38.0	149.0	11.0	183.0	41.0
Propionibacteriales	48.25	73.25	95.5	150.25	269.25	43.0	282.0	48.0	320.0	276.0	23.0
Coriobacteriales	17.0	23.0	29.0	47.25	76.65	85.0	93.0	78.0	13.0	77.0	16.0
Pelagibacterales	21.0	22.75	26.0	26.25	31.25	32.0
