SUP35	GCA_000146045|CDS_1081	100	685	0	0	1	685	1	685	0.0	1173
SUP35	GCA_000442885|CDS_2001	78.2	597	96	5	106	685	76	655	6.73e-310	862
SUP35	GCA_900119595|CDS_3589	83.7	448	73	0	238	685	244	691	6.14e-276	778
SUP35	GCA_000313485|CDS_2096	72.7	590	133	6	118	685	133	716	3.01e-270	764
SUP35	GCA_003706495|CDS_4024	82.1	446	79	1	238	683	243	687	6.23e-268	757
SUP35	GCA_003705295|CDS_782	79.3	449	93	0	235	683	304	752	1.39e-260	741
SUP35	GCA_003705335|CDS_1655	70.7	574	150	6	123	683	145	713	1.22e-256	729
SUP35	GCA_002374405|CDS_3282	72.6	573	153	3	113	683	114	684	2.06e-255	725
SUP35	GCA_003706095|CDS_1445	76.3	452	106	1	232	683	220	670	1.02e-254	723
SUP35	GCA_001661425|CDS_2849	65.9	595	190	6	98	683	118	708	5.84e-251	715
SUP35	GCA_001600815|CDS_6825	74.3	452	116	0	232	683	258	709	4.90e-250	712
SUP35	GCA_001661345|CDS_661	74.3	439	113	0	245	683	1	439	1.89e-244	688
SUP35	GCA_003707925|CDS_2861	73.3	460	119	1	230	685	277	736	8.87e-242	692
SUP35	GCA_004014935|CDS_4988	65.5	582	174	6	119	683	83	654	1.21e-239	684
SUP35	GCA_003705835|CDS_895	70.2	447	130	2	239	683	271	716	3.19e-227	655
SUP35	GCA_003706805|CDS_1153	68.7	450	137	3	236	683	276	723	1.86e-220	638
SUP35	GCA_002105135|CDS_187	64.7	442	153	2	244	685	9	447	3.09e-214	611
SUP35	GCA_002083745|CDS_3830	64.8	446	155	2	240	685	105	548	1.14e-213	614
SUP35	GCA_000836135|CDS_1787	66.7	448	146	3	237	683	250	695	1.25e-213	619
SUP35	GCA_000401635|CDS_479	63.5	447	161	2	239	685	111	555	1.99e-213	613
SUP35	GCA_025399235|CDS_12518	64.3	443	157	1	243	685	119	560	2.38e-213	613
SUP35	GCA_000950595|CDS_56	63.4	445	161	2	239	683	108	550	5.11e-213	612
SUP35	GCA_002104935|CDS_2994	65.9	440	147	2	246	685	125	561	1.31e-212	612
SUP35	GCA_000149305|CDS_3770	63.8	447	160	2	239	685	103	547	1.79e-212	611
SUP35	GCA_003550325|CDS_17391	64.6	446	152	2	243	683	14	458	2.22e-212	607
RNQ1	GCA_000146045|CDS_551	100	405	0	0	1	405	1	405	4.28e-179	509
RNQ1	GCA_000442885|CDS_4487	46.2	156	68	5	1	149	1	147	3.56e-20	98.2
URE2	GCA_000146045|CDS_4687	100	354	0	0	1	354	1	354	2.23e-230	635
URE2	GCA_000442885|CDS_2027	79.6	357	62	2	7	354	10	364	2.42e-181	511
URE2	GCA_000313485|CDS_3959	82.0	255	46	0	100	354	58	312	2.65e-154	441
URE2	GCA_003706495|CDS_4996	78.0	268	59	0	87	354	36	303	1.57e-153	438
URE2	GCA_900119595|CDS_661	78.3	258	56	0	97	354	165	422	2.77e-151	437
URE2	GCA_003705335|CDS_3008	78.5	260	56	0	95	354	57	316	2.64e-150	431
URE2	GCA_002374405|CDS_1435	73.9	276	69	1	79	354	39	311	5.98e-148	424
URE2	GCA_004014935|CDS_59	76.8	259	56	1	100	354	55	313	1.42e-144	416
URE2	GCA_001661345|CDS_5192	77.2	259	55	1	100	354	70	328	7.93e-143	412
URE2	GCA_001661425|CDS_2144	67.3	275	86	3	83	353	37	311	3.37e-133	387
URE2	GCA_003706095|CDS_157	71.3	258	71	2	100	354	68	325	1.27e-131	384
URE2	GCA_003705295|CDS_3758	63.8	254	88	1	100	353	88	337	2.02e-120	356
URE2	GCA_000002525|CDS_1747	62.6	257	90	2	98	354	80	330	2.71e-115	342
URE2	GCA_003707925|CDS_1379	57.7	253	98	2	101	353	112	355	2.26e-99	303
URE2	GCA_002105105|CDS_5743	47.3	237	112	2	115	351	2	225	5.37e-70	223
URE2	GCA_001600815|CDS_7281	58.3	151	63	0	201	351	171	321	1.24e-58	197
URE2	GCA_001630345|CDS_3217	39.7	242	106	3	115	351	8	214	1.64e-56	188
URE2	GCA_001630345|CDS_3212	40.2	244	104	4	115	351	8	216	2.50e-55	185
URE2	GCA_001630345|CDS_9567	40.3	238	103	3	114	347	7	209	6.16e-53	179
URE2	GCA_001630345|CDS_3258	40.4	240	102	4	114	347	7	211	1.95e-52	178
URE2	GCA_000836135|CDS_4279	50.9	173	80	2	114	286	9	176	3.03e-51	173
URE2	GCA_001630345|CDS_9568	39.5	238	105	4	114	347	7	209	1.64e-50	173
URE2	GCA_001630345|CDS_9566	39.1	238	106	3	114	347	7	209	1.66e-49	170
URE2	GCA_000836135|CDS_42	41.7	228	100	5	127	352	23	219	8.59e-48	166
URE2	GCA_003705835|CDS_3853	40.2	244	108	5	115	354	5	214	1.27e-47	165
SWI1	GCA_000146045|CDS_5790	100	1314	0	0	1	1314	1	1314	0.0	1897
SWI1	GCA_000442885|CDS_3178	47.7	952	371	21	399	1310	300	1164	2.14e-191	599
SWI1	GCA_003706495|CDS_1345	30.3	932	520	26	406	1308	353	1183	3.77e-81	297
SWI1	GCA_000313485|CDS_6120	30.4	981	490	23	399	1309	479	1336	1.88e-67	256
SWI1	GCA_001661345|CDS_1769	35.7	437	234	12	650	1061	775	1189	7.85e-49	197
SWI1	GCA_002374405|CDS_16	27.5	702	409	18	408	1061	67	716	5.13e-44	180
SWI1	GCA_004014935|CDS_1283	26.9	725	390	19	661	1298	439	1110	6.43e-43	177
SWI1	GCA_001661425|CDS_1666	26.9	665	394	16	654	1306	308	892	1.61e-38	162
SWI1	GCA_003706095|CDS_3391	24.6	908	518	31	410	1295	654	1416	3.13e-36	156
SWI1	GCA_003705335|CDS_4242	31.0	407	234	10	659	1061	696	1059	1.27e-34	150
SWI1	GCA_001600815|CDS_1292	25.6	403	286	6	661	1060	944	1335	8.19e-26	122
SWI1	GCA_003707925|CDS_3222	23.6	708	449	17	401	1062	452	1113	5.18e-21	106
SWI1	GCA_003705295|CDS_223	25.1	427	246	12	661	1061	403	781	1.15e-17	95.5
SWI1	GCA_001929475|CDS_1742	36.0	111	65	2	401	505	198	308	8.69e-10	69.7
SWI1	GCA_003788615|CDS_8485	29.3	157	105	2	916	1072	766	916	1.09e-08	66.2
SWI1	GCA_000151645|CDS_3388	30.6	157	103	3	916	1072	685	835	2.39e-08	65.1
SWI1	GCA_900073065|CDS_3742	43.3	90	45	1	406	489	328	417	5.47e-08	63.9
SWI1	GCA_000516985|CDS_3122	23.6	394	181	12	673	1060	645	924	4.87e-07	60.8
SWI1	GCA_002572855|CDS_4115	30.1	146	78	3	916	1060	694	816	6.23e-07	60.5
SWI1	GCA_001660795|CDS_4476	31.7	145	95	3	916	1060	657	797	8.34e-07	60.1
SWI1	GCA_000464535|CDS_4792	32.2	149	87	5	916	1060	661	799	1.06e-06	59.7
SWI1	GCA_003790465|CDS_2624	28.7	157	106	2	916	1072	734	884	1.08e-06	59.7
SWI1	GCA_003988945|CDS_4061	41.0	83	48	1	410	492	298	379	1.84e-06	58.9
SWI1	GCA_000611775|CDS_7774	29.7	145	96	2	916	1060	736	874	3.23e-06	58.2
SWI1	GCA_001270325|CDS_3824	32.2	118	79	1	651	767	577	694	5.49e-06	57.4
CYC8	GCA_000146045|CDS_320	100	966	0	0	1	966	1	966	0.0	1062
CYC8	GCA_000442885|CDS_2395	84.1	439	63	2	38	469	41	479	5.16e-94	323
CYC8	GCA_000313485|CDS_570	63.4	380	138	1	41	419	46	425	1.91e-58	221
CYC8	GCA_003706495|CDS_878	64.4	379	135	0	41	419	49	427	4.32e-50	197
CYC8	GCA_004014935|CDS_287	61.2	371	144	0	46	416	114	484	4.73e-48	191
CYC8	GCA_003705295|CDS_48	63.3	368	135	0	41	408	66	433	6.74e-43	175
CYC8	GCA_001574975|CDS_11704	52.1	436	188	2	41	476	7	421	4.81e-40	159
CYC8	GCA_025526995|CDS_370	40.5	427	214	4	37	457	4	396	5.97e-39	157
CYC8	GCA_003705335|CDS_5056	67.8	413	111	4	41	441	38	440	2.62e-38	159
CYC8	GCA_002083745|CDS_565	56.4	390	170	0	41	430	16	405	3.87e-38	156
CYC8	GCA_003706095|CDS_2161	58.0	374	157	0	43	416	29	402	8.33e-38	157
CYC8	GCA_000328475|CDS_5859	66.6	407	126	1	41	447	142	538	1.03e-37	159
CYC8	GCA_001661425|CDS_4571	56.4	374	163	0	43	416	31	404	1.90e-37	157
CYC8	GCA_025602905|CDS_4925	54.4	390	178	0	41	430	14	403	3.43e-37	152
CYC8	GCA_002105135|CDS_6681	43.9	383	184	1	47	429	35	386	3.61e-37	151
CYC8	GCA_000149305|CDS_17454	41.7	420	209	3	41	459	16	400	1.48e-36	149
CYC8	GCA_003615045|CDS_2943	56.2	377	162	1	38	411	38	414	1.48e-36	149
CYC8	GCA_002104905|CDS_10523	56.8	391	161	1	47	437	22	404	1.69e-36	150
CYC8	GCA_002104935|CDS_4657	53.3	422	183	4	35	451	7	419	4.11e-36	154
CYC8	GCA_000002525|CDS_975	64.0	286	103	0	38	323	4	289	4.61e-36	153
CYC8	GCA_002083745|CDS_10729	42.5	419	205	3	41	459	16	398	4.88e-36	152
CYC8	GCA_025399235|CDS_5990	42.8	390	191	2	41	429	16	374	5.18e-36	151
CYC8	GCA_006536005|CDS_3091	53.1	426	197	2	32	457	5	427	5.20e-36	154
CYC8	GCA_003705835|CDS_996	68.2	387	118	2	47	433	41	422	6.32e-36	153
CYC8	GCA_027596845|CDS_7927	52.3	283	135	0	41	323	7	289	8.38e-36	150
