gca	clade	bgc_sum	bgc_prop	genome_size	gc	cazy_count	starship_count	A	C	D	E	F	G	H	I	K	L	M	N	P	Q	R	S	T	V	W	Y
GCA_000812075	Ascomycota - BGC Enriched Clade	1721282.0	0.043353966205263945	39837208	0.4924051155473229	608	223	0.020829865454956277	0.0881467485206886	0.05872677126098795	0.07964204239811692	0.04797560548379106	0.06281878137285488	0.08852713547890925	0.03769189070974817	0.06268155185441233	0.03621574055743791	0.02279647639372434	0.048230786053583774	0.05937622757712164	0.06335857845144158	0.02665942514927856	0.03485028611940005	0.07028224297709283	0.01196218518315062	0.06475326153313564	0.014474397470167608
GCA_900465125	Ascomycota - BGC Enriched Clade	1912441.0	0.054719168130825106	34950111	0.4913554065679505	701	114	0.02238070436218939	0.0511339414703149	0.061102662524868484	0.05992533242811196	0.07968425128071749	0.06767636371870979	0.06098525929953366	0.047796963653588376	0.06279643489936192	0.02454672791274874	0.03574114743404698	0.03722275854927429	0.08585693471611175	0.060435179019032295	0.09034244146382914	0.027272725274034296	0.0421897504346008	0.010841110564157675	0.05814845439972984	0.013920856595038241
GCA_900618795	Ascomycota - BGC Enriched Clade	4326105.0	0.15090602110874932	28667544	0.5329370941780418	554	150	0.021565856700864937	0.07118197034434749	0.046768080156577525	0.05920903823984498	0.09178926353121421	0.03586005187091402	0.0606330549832975	0.059470386690653264	0.0858348496474583	0.08096227684883661	0.036844771669570654	0.05987559470708284	0.061128309225600315	0.02296093001457248	0.062152906638572245	0.014342005428072254	0.0504303888003077	0.02649138525613113	0.010655470061666656	0.041843409184414884
GCA_004216415	Ascomycota - BGC Enriched Clade	673408.0	0.029815876530973277	22585551	0.5857964820878294	508	51	0.022430382973300196	0.07779219835276875	0.09717185807366342	0.058393123128146304	0.04745671836168992	0.0664418450901676	0.042198850602179316	0.05951822667749952	0.024846119687121648	0.05992271633849487	0.08368779073472249	0.01361350403045944	0.07738571735805773	0.0632674102306761	0.03413370013700376	0.06404452821321609	0.03878894053080992	0.03420065873319314	0.010554566526476773	0.024151144220353023
GCA_002105025	Ascomycota - BGC Enriched Clade	4202908.0	0.08460346316146088	49677730	0.4964261853349579	807	462	0.02200333059587081	0.060141587370646	0.04952994379952883	0.06233990512039846	0.024637459097360506	0.049164965261096726	0.06150340335448322	0.08405442403482219	0.06977876936290425	0.053902128848834274	0.038033786669377456	0.01392934738636542	0.02792315505052945	0.060187820949205	0.08237267761473856	0.036878836312682434	0.08890228147891734	0.060390389224493954	0.01562561589202207	0.038700172575723044
GCA_000836295	Ascomycota - BGC Enriched Clade	1292979.0	0.040684704810366394	31780469	0.4906928602740149	516	160	0.022202257188411165	0.04007444042035794	0.052657295680670756	0.06691779097630791	0.02313686940869904	0.036853469231722114	0.06118646468386797	0.03727060375949431	0.011294377985597648	0.027677841609646443	0.08149196966084454	0.05748109352737748	0.08819786784094809	0.057037097223202715	0.014376822327330948	0.06488095793090619	0.06168263055378327	0.04969806031334595	0.057983475345551226	0.0878986143319343
GCA_001557505	Ascomycota - BGC Enriched Clade	3957834.9999999995	0.0923253187199137	42868360	0.5076748212434532	826	447	0.022154756628309596	0.058803268900960104	0.058730957906596715	0.08991063407703183	0.05891760273196011	0.06343830849360817	0.03785353693529831	0.07929233543103933	0.08737435766508433	0.06094357918807122	0.05979310492468001	0.0393657247472485	0.04737575314041415	0.027661809725353013	0.01197745990188857	0.015515782746691891	0.07120270151337714	0.0363817861925645	0.05053872483684436	0.022767814312978158
GCA_001619985	Ascomycota - BGC Enriched Clade	1622670.0	0.0666729312796743	24337763	0.48095744672101826	419	57	0.0200299709787354	0.03692788470670328	0.08891573636335463	0.08907118957193885	0.04835819418355075	0.026493275524067255	0.013247012649192593	0.03735875501474056	0.05729075548259974	0.05814149940867799	0.024408902920221014	0.048596372491879945	0.06199983804874733	0.055497295314110455	0.06310950403928417	0.01146604871933548	0.08621654881880554	0.04089169160082815	0.06365009132251193	0.06832943284071495
GCA_000146915	Ascomycota - BGC Enriched Clade	3566149.0	0.09583418723239905	37211658	0.5043434509479376	737	179	0.022964487267646494	0.07815735888203885	0.08571156030925829	0.08920039200931086	0.052816548158102626	0.04869251956985695	0.03688399744240056	0.06012277427540317	0.05865904381670732	0.059708507490151795	0.027953231527621105	0.05843190062567624	0.06088351209057805	0.014587782620128689	0.06817237810880543	0.03761220791404887	0.06356847983460029	0.04102794446010914	0.023690139408905072	0.011155234188650186
GCA_002162545	Ascomycota - BGC Enriched Clade	3179834.0	0.07154043713713971	44574078	0.4119975304863094	634	117	0.021580349268701754	0.08496224196336503	0.08708495593828167	0.05385296276089871	0.06897102156855528	0.07897659117635038	0.02755542613803314	0.038908356872161945	0.058801149547527826	0.03645764810449308	0.04172447583361615	0.06086001332720317	0.05789402941704568	0.05653162079247039	0.054622621961498335	0.011008668375710002	0.06657684259157776	0.02266986947922032	0.013464257413078839	0.05749689747021053
GCA_002319055	Ascomycota - BGC Enriched Clade	792444.0	0.02858917753351655	27759230	0.5169422206595788	461	106	0.022623264528598343	0.08105789887163943	0.06287846659760701	0.05902710185835355	0.06009775822632563	0.06066763072088545	0.045838127533249444	0.06660968665920451	0.02434265870394961	0.050791651313639746	0.03715772888756023	0.027328460340524344	0.06088619409470442	0.08830394821916475	0.06157143155099175	0.04527824899017638	0.03488671204210322	0.08605118119816181	0.010935121005026523	0.01366672865813386
GCA_003610855	Ascomycota - BGC Enriched Clade	114874.0	0.0028812815871473683	41983253	0.3847369833582407	324	30	0.02000431958829046	0.02899629512235087	0.04093770899591724	0.0937435356840016	0.05478677815070151	0.06483780206577958	0.052990207304404256	0.06260471173914899	0.05743619078767986	0.09265549459123046	0.06520493449438829	0.06668519159784699	0.05219372213319903	0.04972999315576546	0.05615529929762712	0.054292273246861214	0.03913657749833292	0.012008194838841243	0.013165948744143228	0.022434820963489706
GCA_003988795	Ascomycota - BGC Enriched Clade	4722183.0	0.13885101736773078	34010436	0.48106527846776864	706	308	0.0212869627955024	0.06321133916114385	0.08535667320570078	0.039706067344476355	0.038643884368785776	0.057566702710982263	0.08942843425890817	0.05687742898753886	0.06029999869374398	0.05131617819550931	0.056879576257705344	0.03755611309027786	0.06052009388580925	0.014450949281299728	0.05220604274033903	0.08330459868325815	0.01124131719993823	0.022876300597066364	0.06920794897942933	0.028063389562584962
GCA_000385595	Ascomycota - BGC Enriched Clade	2820706.0	0.0664081399768642	42592847	0.5676254119631967	706	92	0.021665606808399344	0.05854072841209469	0.072842344625951	0.057591737146673865	0.02867179591148227	0.02271880548789389	0.062494934361815864	0.0874992649858321	0.059029981086013796	0.0376956130948989	0.04852342180822793	0.046037200911667304	0.05822311147900289	0.09979369656390241	0.06474027493956992	0.038409172795190204	0.01149459994455893	0.07324010364437619	0.015365939432108188	0.03542166656034029
GCA_002368545	Ascomycota - BGC Enriched Clade	2207740.0	0.0784902192620119	28133606	0.5476162923541541	505	191	0.02011183829290245	0.1009609036731336	0.061325896875185644	0.06249157962341722	0.060853122852874024	0.08718656864470326	0.06082846417935374	0.05792187908059015	0.013935288915589998	0.03532646402467661	0.07102437734047239	0.0605410785479628	0.045210557050643314	0.023818261092760324	0.07948297486720744	0.026565909832197726	0.010634837549779697	0.03503324997954451	0.04511012899848797	0.04163661857851714
GCA_001692735	Ascomycota - BGC Enriched Clade	1663867.0	0.03643387152915547	45668136	0.4623829073105843	560	561	0.02153259560510159	0.05970641483483049	0.0902876029363316	0.038983905576088634	0.05984011507819922	0.08307361775374678	0.05391393749616469	0.08382353899059058	0.052095099954644765	0.028105162440653374	0.024131179822370657	0.06123968236936029	0.06130961788127624	0.060534327880306056	0.06785373056247007	0.04927933854718573	0.037946357405433645	0.015052761887065804	0.013265635300703847	0.03802537767747593
GCA_002778095	Ascomycota - BGC Enriched Clade	1597277.0	0.0459668957610159	34748420	0.5401781721298408	551	83	0.01866996451151904	0.03353016336270229	0.11752797838322596	0.06609316767255995	0.0647401706179336	0.0798731842178514	0.02508111110678072	0.03497628665486657	0.013190900787121831	0.03320011905389486	0.07545091867802588	0.051813264253083476	0.086133769891631	0.06092507173694586	0.06568107381526093	0.06182556553164108	0.024628812970720823	0.040170228198255505	0.010573315066368855	0.035914933489610376
GCA_003574815	Ascomycota - BGC Enriched Clade	3623676.0	0.11599441243625058	31750423	0.49734926967246657	776	98	0.08307588363709148	0.050349343144054134	0.05948389215307795	0.023396856906467835	0.06271536898823224	0.09131393897934768	0.036769503861795685	0.06816024668547542	0.014534009183583857	0.0205297250652274	0.08605917179740649	0.02877782853197102	0.061914332504095115	0.05974474146477138	0.037196951077490534	0.011779617299092273	0.05639107943585006	0.06183917253292921	0.04595027424346163	0.04001806250857859
GCA_002865625	Ascomycota - BGC Enriched Clade	3280553.0	0.05714405806069979	57408471	0.41521415790876437	668	850	0.02175914560159923	0.05162814323332411	0.02818312363141921	0.07999970054018596	0.05985099896686364	0.05823363346175262	0.05316019094235766	0.05887196313141172	0.06340411791145426	0.06770221377080081	0.053403431413956017	0.09127803515940726	0.015531087742573044	0.02321759964878449	0.08393222941898863	0.058954173325645315	0.03931921483896831	0.038553190984451535	0.013936040468886267	0.03908176580716992
GCA_001513895	Ascomycota - BGC Enriched Clade	1351256.0	0.039632089141052304	34097434	0.5573119069683911	570	81	0.02145754237345969	0.11428971139869382	0.05854486889306943	0.038680809730597836	0.06296522089248709	0.06479482624094922	0.025413839305009293	0.024025086271021807	0.08060591033273204	0.030986367244991504	0.058144735136020455	0.03938098693593993	0.061885610425770524	0.07846738989497341	0.0557141329790743	0.08700964279133673	0.010395060998218847	0.0391585134769326	0.03447223972538859	0.013607504953332893
GCA_000611775	Ascomycota - BGC Enriched Clade	1813591.0	0.05209619125716667	34812353	0.4711921023439774	376	137	0.021105459100703047	0.08272290670476071	0.03450704426151446	0.07172999991445948	0.04963892397634139	0.023979620447224827	0.06279030312707613	0.06117738917038055	0.06047001662337366	0.026564844938805267	0.06481880142529509	0.010570194072422403	0.0469367941125314	0.0608290491791437	0.08915864249101586	0.056765637043985885	0.04040078583220943	0.08641279191889238	0.03604107085320962	0.013379724806654673
GCA_001692915	Ascomycota - BGC Enriched Clade	1768264.0	0.043800209610179115	40521621	0.4825521657978465	702	552	0.021021961908391253	0.08409215551450182	0.0606277908026742	0.08387891540813029	0.04887506316844643	0.05333521112758784	0.09109991798457447	0.05974401245971717	0.06764068959232535	0.05933824321301643	0.060473866903047825	0.05274072355830965	0.05997100464754078	0.038180085991931005	0.02867176432577521	0.01348383301990738	0.039384304401494506	0.03837758576411038	0.023952812134969224	0.015110058073548783
GCA_004155245	Ascomycota - BGC Enriched Clade	2926567.0	0.08939004064106937	32743821	0.5232901499186671	610	115	0.02258477985505841	0.08833929663297879	0.08097051418717897	0.04906426014830989	0.06459488349518834	0.05728056359518157	0.05966518521559732	0.08669138568007904	0.023846425675487434	0.06038136769277594	0.03584787605497617	0.07169826576591201	0.06161410646966865	0.061333833830164414	0.04598628842568261	0.04119882117914344	0.011416606426203355	0.026560964640611088	0.014667810938718533	0.036256764091084
GCA_000836435	Ascomycota - BGC Enriched Clade	1937094.0	0.05791519886268082	33447075	0.5259593937411067	555	201	0.021705069742182306	0.05670155001881654	0.06122356897006649	0.059824671021118665	0.024518069275610524	0.012291894108149836	0.02769808130119579	0.04852510022138455	0.037452276115023185	0.04708157224555081	0.06063520462295147	0.08130544626920767	0.04140080739478676	0.08711290808274309	0.0688822777596315	0.06130236630691269	0.0899201858178526	0.0618987411716739	0.01490920813907828	0.03561100141606335
GCA_001660795	Ascomycota - BGC Enriched Clade	1430559.0	0.05743199597442601	24996787	0.5144896630290078	440	92	0.020112433100343968	0.08917003974139896	0.013442938853162762	0.026281543662828186	0.08751811163385938	0.0463314594483276	0.07014736924687474	0.03714803364657368	0.062267490751114894	0.05996440190542969	0.05911146959819754	0.06172444819275927	0.08458666248250128	0.04840262131423654	0.024181942547813487	0.04454027708654603	0.05954492298111977	0.06027870464123642	0.03500871564918715	0.010236413516488635
GCA_003990805	Ascomycota - BGC Enriched Clade	2187407.0	0.07094245422355007	30833540	0.4585203645121514	514	77	0.020626918683854027	0.06789650586087953	0.0628754359135876	0.08436350924193727	0.08769025564742891	0.058248300933111216	0.022857951936613705	0.013719182474661041	0.058001172555373834	0.05004302215712242	0.08465403924455558	0.0365726282316423	0.03636226079301172	0.040107133234924694	0.06118870172695777	0.04940859949834362	0.06593631772076486	0.06102553059079335	0.027846529957082197	0.01057600359735435
GCA_000226115	Ascomycota - BGC Enriched Clade	2091629.0	0.05666489200768438	36912256	0.5470930576554303	662	98	0.019553551554900288	0.07702260451032376	0.06896987167196683	0.03428802514109913	0.06285825735687887	0.03078814965653574	0.05593079145537609	0.04013848761126501	0.06066502262214083	0.039039005286947474	0.07519321930804679	0.025084240753351448	0.04240841503970169	0.10474591137586252	0.011890012098933575	0.014431669674871462	0.05639116799887165	0.0682177102823305	0.08917685379243166	0.023207032808164687
GCA_003019895	Ascomycota - BGC Enriched Clade	2712082.0	0.07417252412243457	36564510	0.5185982858038491	630	101	0.021854649606659917	0.05997281046421051	0.04498195832671532	0.05675115453506334	0.061407102486066165	0.08447539919127535	0.09449904000454493	0.08827337245863258	0.025169924596647877	0.0354024079302546	0.06990023168717151	0.03562045232409319	0.05716463872044348	0.044974356779040214	0.06139930089766277	0.026517999064609554	0.0134281339680759	0.041937738523563396	0.06148571849228503	0.014783609942984392
GCA_000464535	Ascomycota - BGC Enriched Clade	1989075.0	0.053569681360751104	37130611	0.46001637515251437	373	327	0.02096249373171516	0.05662052513968079	0.02478264664822314	0.08426496451430171	0.06352815970107667	0.04266890229530128	0.04938560076080061	0.08650733928506084	0.048329114953955574	0.06034970743234085	0.06429660593713132	0.05806746912978319	0.012081920988844549	0.08978964116484102	0.037097820405181114	0.06645761821734783	0.026241243055312797	0.05959209589980066	0.03525019681341148	0.0137259339258894
GCA_003012165	Ascomycota - BGC Enriched Clade	3767193.0	0.08420045072983769	45137459	0.5169560990179478	888	307	0.02175230329543197	0.05880496511491728	0.04711750802166026	0.05888778604764921	0.08981574283582756	0.04913141546797386	0.07103577281959336	0.09023178861509813	0.06346671601413909	0.05790493450999448	0.02331004857318297	0.061206933923777566	0.03991839549971757	0.0784692750515528	0.0156940814737985	0.05875206971452013	0.02773449808897168	0.037841725315318056	0.03704101512581988	0.011883024491055662
GCA_003184365	Ascomycota - BGC Enriched Clade	5089503.000000001	0.12623044539144437	40320071	0.4897140173167607	437	320	0.021148318249948655	0.08456355778516773	0.08982856943090994	0.059842247169407316	0.05991548643369356	0.03577974034146277	0.06920935679669986	0.04101695952175984	0.0631769934320636	0.026960614230965876	0.04826292721083382	0.03733769156481194	0.02425111104313513	0.059600505158648655	0.08452422882463216	0.04944297082228117	0.0613433898942051	0.05771603616516415	0.013971744326797443	0.012107551597411281
GCA_000467715	Ascomycota - BGC Enriched Clade	2834001.0	0.07435819832300544	38183232	0.48859221765197874	698	294	0.02176560224915631	0.02375868876130946	0.08300003652945091	0.08177654786110147	0.06766213001740687	0.05995375470688587	0.05078370548469044	0.060429133443737126	0.03887113748577872	0.08831465840913745	0.02819164506993737	0.04026752120237101	0.06421084071787479	0.05688495024639197	0.014777402584136333	0.05969804855045023	0.058837705600064	0.051639420269349326	0.037502357471917366	0.011674713338852971
GCA_000354255	Ascomycota - BGC Enriched Clade	3835495.0	0.11649427081613796	32929167	0.5073312971475636	768	230	0.02257365268569875	0.06089815084881704	0.0868475421758604	0.04909023489688651	0.08764197241582843	0.06712509000184949	0.06050574550753057	0.014808491854866651	0.08067033431954972	0.028478245915454253	0.06044820966424296	0.036920224284518195	0.050869671513895084	0.05961203417520191	0.0248667373673885	0.060564007355149885	0.055777823798385695	0.041453576832766174	0.013053739385136041	0.03779451500097376
GCA_003313425	Ascomycota - BGC Enriched Clade	3351049.0	0.053418979927605664	62731430	0.47107013183024843	823	533	0.02153835018251821	0.06078922087247131	0.05735659405342605	0.08870232229967456	0.05160108910219967	0.06311002249013545	0.03725222546735296	0.059467816027339984	0.04211957549517084	0.08634132529386018	0.06764557516263188	0.05740761698155773	0.028320839884860238	0.011966063226603948	0.05042874833489492	0.05955621621677744	0.07899209545084616	0.03821246510899402	0.023885701521506684	0.015306136827177777
GCA_000721755	Ascomycota - BGC Enriched Clade	1936074.0	0.07505118093326298	25796716	0.5078210437826692	653	57	0.022713794135861963	0.028032655103539073	0.05825298067024579	0.08842962665233922	0.04904171502864806	0.06102140504714524	0.06175883127376231	0.03720085636594059	0.06558212787249662	0.04168365317179406	0.05940403000561888	0.057760406199630056	0.08785769068291903	0.08458131169997662	0.03780191205843631	0.058307118746949604	0.014224574585454083	0.049382538829715245	0.02435024054531808	0.012612531324209154
GCA_001642045	Ascomycota - BGC Enriched Clade	5545732.0	0.1441797145301282	38464024	0.533561563823302	866	297	0.021659553007645823	0.05531932331894272	0.08747005794345332	0.04883067398046277	0.06976185152759443	0.09051073894546181	0.061112883594327996	0.06053162772995562	0.037452535481415514	0.061802791284239454	0.061083208457005905	0.04774070147628313	0.07948273566455351	0.059843447164438575	0.03622046774296872	0.024733991440999546	0.03930903719409487	0.01567176974354401	0.02830411457554819	0.013158489727064102
GCA_000963775	Ascomycota - BGC Enriched Clade	4203312.0	0.07595980779312188	55416396	0.49881145409996686	895	401	0.02170943254496576	0.038557137914741066	0.06217410677626362	0.07075438551618579	0.09077611285291777	0.015930822529121227	0.08019944995106637	0.057814100691532394	0.08628862357187185	0.05156055855678791	0.05806058615346715	0.0574518437947184	0.037048070722884914	0.023441965529728354	0.05689721785087831	0.04906258792234698	0.028167055488171795	0.03894429913184885	0.06293510203367333	0.012226540466828119
GCA_003671545	Ascomycota - BGC Enriched Clade	5311010.0	0.10374885658661005	51290110	0.5166774117629764	794	164	0.021948614370491264	0.0591420014155422	0.09753457110928093	0.07773916699527093	0.03527573333299765	0.07350654475841843	0.08726260636628932	0.015024164608235007	0.059062695805394104	0.06401441851521644	0.044807040324070416	0.026869968066903723	0.011112069212397734	0.06015299059252935	0.04569057405617669	0.03643180142378746	0.06036824867721704	0.02344062983760288	0.039072332066436705	0.061543828465741704
GCA_001662655	Ascomycota - BGC Enriched Clade	2232339.0	0.07398659229801198	30174856	0.5038932679398979	779	183	0.022052100023185885	0.08919857150766636	0.062053135545963325	0.05560984071656665	0.05957203808834181	0.08080214466593336	0.06269429043352691	0.05809736295054453	0.07342158834454866	0.03716298504935645	0.08740322444408205	0.022106521658204543	0.05061079781927973	0.060810130285016306	0.036813779557986724	0.037962680741713974	0.04956639373334873	0.01432555059860964	0.027800007294010803	0.011936856542113558
GCA_000349385	Ascomycota - BGC Enriched Clade	3267375.0	0.060854342729237024	54005819	0.46576949549881713	751	173	0.021515241418944706	0.09175194799675754	0.055776511879414244	0.07459996512888215	0.03669291532474424	0.07599004385896976	0.05945863185274062	0.03795748980377252	0.08708863102266504	0.037460437366428324	0.028145321213435468	0.06471690252331062	0.0641803321334968	0.06127189026480206	0.022425742987152098	0.04806912106910558	0.058463335481997884	0.04775913351229604	0.01129637550871917	0.01538002965236514
GCA_003013795	Ascomycota - BGC Enriched Clade	1562526.0000000002	0.06731794020612002	23337424	0.5274933247370741	628	85	0.021861208188580467	0.06117456159738098	0.0363136883836256	0.07280457672304834	0.08491525482260148	0.0460385341916056	0.057446887496805654	0.08879034374633081	0.035683668077935174	0.08329887179097571	0.05027557722723725	0.01062962317058852	0.022432953234751737	0.06207070558820889	0.04142486031204459	0.060362808815708595	0.061321760586240476	0.06238258614378363	0.026899212291158738	0.013872317611387762
GCA_000516985	Ascomycota - BGC Enriched Clade	6120631.0	0.11790686572173928	51910726	0.48733673402610267	934	528	0.02208413071189299	0.04593322112391675	0.050505568200158765	0.05931152605904499	0.059017585696922586	0.08914311311960843	0.040445060754482065	0.016007299101775698	0.03739906916689449	0.08871728826511287	0.06990853066050942	0.08170316766524265	0.05646303182816808	0.012667894163024253	0.061858833527119655	0.03783161341111137	0.06098004275376401	0.02874581273324352	0.05728951676388921	0.023987694294118227
GCA_000812885	Ascomycota - BGC Enriched Clade	1095262.0	0.02788590919378105	40231043	0.43109495918061597	555	217	0.02291244649215859	0.022907347472131405	0.037118512404052624	0.04153191035373667	0.08585533805620257	0.061566744505168546	0.05832396388403338	0.08483769132846926	0.07892773100080623	0.06739217877007322	0.03882570353238535	0.05376269435356095	0.05810588271979375	0.028441157014712046	0.05739731505216984	0.05388016793034111	0.011758732414999827	0.05703214677176139	0.0652947164935059	0.014127619449937331
GCA_000442125	Ascomycota - BGC Enriched Clade	3087933.0	0.08959017610799239	34468235	0.4188996827792119	428	197	0.02112937993033559	0.035597886460414487	0.026997188488673156	0.03855792889550318	0.05060429964367055	0.08631690356617798	0.06053908079573674	0.05981758471407451	0.06792456196288424	0.062084343680239906	0.05777071817072738	0.013932674333720772	0.06289794564466754	0.08846313659115713	0.08041631859009957	0.050506385281811846	0.058096200445634814	0.04222619088861225	0.011560118069784313	0.02456115384607406
GCA_003073855	Ascomycota - BGC Enriched Clade	6700813.0	0.12184853144782698	54992973	0.4724474651367125	828	440	0.02176690277858059	0.0395419062656535	0.08934631050723896	0.054219058115837625	0.038676172729693724	0.060243832839184545	0.061154842869037024	0.083595804343438	0.03870879268206598	0.025143067849109496	0.05958399644259847	0.08138912980535935	0.05992728882136414	0.06688264554598689	0.028730088291772687	0.015700504996006667	0.0607027303291575	0.05098133212317659	0.05005192444018616	0.013653668224552098
GCA_003264845	Ascomycota - BGC Enriched Clade	3706221.0	0.08551474650323572	43399783	0.5334947950081415	673	187	0.021924862569571435	0.05994330415820038	0.0803580368423781	0.06119310554308811	0.09504385814698135	0.02346942843202703	0.062200170720099326	0.07422693570896659	0.059920845912290445	0.08683518211485185	0.06262818745673279	0.03391157701989932	0.06162935696988855	0.0266815190532951	0.011324196195984878	0.04426258255978713	0.04389913328014472	0.04079259641465333	0.03512095356214917	0.014634167339010403
GCA_002591845	Ascomycota - BGC Enriched Clade	1647281.0	0.0671342466896786	26267392	0.49828586643292366	462	52	0.022955193770454064	0.060195431600849066	0.061882491185556915	0.05050049888956838	0.05745876728179105	0.02441231136164393	0.0831986322406497	0.08941170309278801	0.07022368473452474	0.0639353303827293	0.08711555635324546	0.06142424379633959	0.04109278909545784	0.0354178861593468	0.045424590755077134	0.05902717352464798	0.02512641354317427	0.03613935303106099	0.011512920121479201	0.013545029079615575
GCA_003016335	Ascomycota - BGC Enriched Clade	4436637.0	0.09893015133783149	44846156	0.5061444962062954	872	356	0.022013823984454617	0.058170538421711285	0.048545691378477085	0.08078104317139578	0.06053933604743876	0.08829027199138245	0.06156706099844952	0.06917286483749412	0.054670492982817426	0.01379341394498809	0.062094541246426375	0.02498777874399116	0.01593974163472743	0.08650453735841337	0.039231968749157575	0.03706979997715549	0.06018416230828469	0.04956744118442383	0.038541075231522975	0.028334415807287953
GCA_000003515	Ascomycota - BGC Enriched Clade	1514770.0	0.06778090029924777	22349738	0.48658631596768165	366	75	0.020929563216119475	0.08990551438172491	0.03776981507753341	0.08473151929824184	0.06448471616189495	0.04048501471840644	0.0821215661973888	0.013376781539327302	0.058748779730805126	0.0631401379159252	0.026604553308983436	0.056177220138173674	0.037230963532073884	0.05743749375769884	0.024161061572447743	0.06611496358791899	0.01221128350303443	0.06312778755663713	0.050816627235012304	0.05042463757065211
GCA_000604185	Ascomycota - BGC Enriched Clade	577560.0	0.016539454485515175	35402301	0.5266999913790626	438	82	0.022227840655323117	0.06154094967669557	0.03739146842070964	0.035391351730176004	0.08519330196336941	0.059203385799717415	0.07635245863883564	0.08831937994335391	0.01059597813451416	0.06057910577519193	0.046268478986662136	0.07020198039530795	0.05973975281396492	0.058915071469539844	0.0683168482364546	0.05453439965279448	0.013977615207164935	0.040974413723898595	0.027043201769874667	0.023233017006451077
GCA_001270325	Ascomycota - BGC Enriched Clade	2749749.0	0.07083566511281107	38818708	0.4871226790969644	737	137	0.022250849188372664	0.08756152449028372	0.06004481308099688	0.08840278602079028	0.02338276159798634	0.0600078211509287	0.03757993915437261	0.047014100835936316	0.0697456418628323	0.062252133743306896	0.0822645646578287	0.014673804347649345	0.02813886689246649	0.06227144271779304	0.04054152933582006	0.05721208489769902	0.04957609687170223	0.01117786370384342	0.05884907942939745	0.037052296019993526
GCA_900290415	Ascomycota - BGC Enriched Clade	2496526.0	0.07260405479171593	34385490	0.5241700685496038	724	272	0.021269324164859448	0.062724557814997	0.07971101118947894	0.03593456754721077	0.049487426962559214	0.08747258001940575	0.08417704855032553	0.06089985940728104	0.07331979966454298	0.06190681717005998	0.06526285411286874	0.054808791702022644	0.04025245817238266	0.03609958247556129	0.06381512314147353	0.045620210441704626	0.023889577877145286	0.02629586223233662	0.01488196298825167	0.01217058436553227
GCA_003988945	Ascomycota - BGC Enriched Clade	1929239.0	0.04741116717337986	44671123	0.4504519630188807	585	189	0.02269084343938614	0.08568460446712621	0.06436240256777406	0.05946094397060898	0.0518064413428645	0.08180445546310007	0.059890626883926115	0.06961769450392014	0.036768918459934484	0.057948089733395644	0.057462061422000235	0.06173387004623475	0.0528370104944289	0.08557782402741144	0.013675382734981981	0.038701210992632545	0.0390670620563785	0.027062143063723888	0.022608886496726845	0.01123952783344458
GCA_000732205	Ascomycota - BGC Enriched Clade	2088665.0	0.057929375233963076	36060394	0.5736987814905027	799	139	0.023078278512899057	0.09800281722154393	0.08711345311911885	0.06422681240036242	0.03880342112040338	0.061325345297314884	0.015090172984909826	0.07490326879025254	0.06079755938112879	0.01117963592989685	0.04478548140393973	0.05854044568820176	0.02214970060504577	0.026535474366099085	0.0607714933046676	0.04597305184751137	0.03708535388869368	0.061955101704617134	0.07352656289587854	0.034156569537514815
GCA_000365145	Ascomycota - BGC Enriched Clade	1491602.0	0.051825381220579204	28781303	0.5402717591951174	596	158	0.022087739229223104	0.07070713055276188	0.061801900947511396	0.0416385859462598	0.09093802443059705	0.060022632443489245	0.08863812085547082	0.04676291626736499	0.035434289633067065	0.06205259080749537	0.06041125727074653	0.011530067230799083	0.02730334732061789	0.06062862056145642	0.04640780315698888	0.05774087333385668	0.036161549433670497	0.08074416748008183	0.024022531723190996	0.014965851375350484
GCA_002081935	Ascomycota - BGC Enriched Clade	5408965.0	0.11626696995009236	46527006	0.47101436173829747	697	329	0.020673710458976105	0.06232577168779557	0.036786464792158004	0.08117817080966899	0.06143055983569897	0.06012674872539977	0.08967597637572634	0.08746018584117968	0.06895725822308213	0.04683783004318268	0.059863586093010956	0.05874704228852297	0.027484345265137676	0.011861557040279944	0.03716294091213475	0.014824298788957689	0.03946151030287883	0.04988440965261474	0.06119563732482741	0.024061995538766805
GCA_003868215	Ascomycota - BGC Enriched Clade	1845197.9999999998	0.06936671079219298	27350942	0.4839714961070395	546	147	0.020872408525323106	0.08743107834855393	0.06056222344947002	0.036581204432738164	0.049878812288934385	0.062073630390372406	0.060942458423851285	0.08805418705870806	0.08441974734631737	0.03602937623914895	0.04075382287809927	0.04827792555064199	0.05989361653725317	0.02752272906015664	0.06217264314438508	0.024032800303841327	0.05823856527269564	0.01378877178036848	0.06785255202665241	0.010621446942488323
GCA_900073065	Ascomycota - BGC Enriched Clade	5505573.0	0.07899746819735821	69693031	0.4589468263381908	926	945	0.021909325014732445	0.05075527045335857	0.06859267414037558	0.059874051387917064	0.05481512773777105	0.08989388958251458	0.022986705424280135	0.06274733844712453	0.028569188106243735	0.05335220913080408	0.039026566659155604	0.08114152840386982	0.061580500089355714	0.0840792251857965	0.056580772041518304	0.05737679442420366	0.03885736333994879	0.03860187143982925	0.015798171418195766	0.013461427573004843
GCA_002798055	Ascomycota - BGC Enriched Clade	1484337.0	0.04820487982432986	30794135	0.558384509558416	639	135	0.02156141900033698	0.07653616299764462	0.038901792992364785	0.06231605126166889	0.05856729861603762	0.03563533982534102	0.05933066752466808	0.02318365951092614	0.06319406691149293	0.06272808338277067	0.06455873295989387	0.0739762992336507	0.09408646887819577	0.04786882150329071	0.027237846738408986	0.08710411251130967	0.03368960841502729	0.043858361021500286	0.014485952946105806	0.011179253769365129
GCA_000182925	Ascomycota - BGC Enriched Clade	1255064.0	0.030535070257978747	41102378	0.482333824132487	600	103	0.021658855114151228	0.06322016435074335	0.08425041279417719	0.034318865641144565	0.08028749739221815	0.06006708789856836	0.023591010331152917	0.08859359642903934	0.06656588569401692	0.06072787813521571	0.025979670029430843	0.04225131576004116	0.05248432021232936	0.07177003678056605	0.060426813429814034	0.0577183723424021	0.03721926686293316	0.0450412428973609	0.013499294015819707	0.01032841388887494
GCA_002105095	Ascomycota - BGC Enriched Clade	4469028.0	0.09995264971382835	44711451	0.5056138303362152	773	151	0.023200092532971704	0.059678484353639885	0.08803619714987518	0.048717152388871636	0.039265310062869596	0.059411632378161126	0.015289069907020758	0.08099021208812127	0.06262514947809036	0.07074455344188957	0.08612925289643684	0.0493053196440395	0.05910616428063356	0.05659593419594221	0.03772011872636015	0.037645618755049015	0.06054133609960774	0.013123288344943975	0.023829608182974842	0.028045505092501095
GCA_004335205	Ascomycota - BGC Enriched Clade	2115583.0	0.04746605278300689	44965609	0.46643891779604274	757	110	0.02174814278677483	0.09119032540185168	0.05827236446615801	0.0862826583029243	0.07887029162519979	0.061365742835027194	0.04144334871377303	0.05842154467866944	0.023884918121776892	0.05978286438071112	0.068483971169215	0.027974707721382833	0.06252379947123456	0.03741849874845442	0.0468516340460609	0.06159232787478513	0.0518125797923138	0.010720468047890468	0.014479125828080863	0.03688068598771575
GCA_000338955	Ascomycota - BGC Enriched Clade	1293462.0	0.05912801557167294	21875620	0.5478561839129242	537	113	0.022743364047701917	0.08849562182857353	0.06500783124805364	0.05551393137811647	0.060649581417501694	0.0607519372034659	0.05981516422722526	0.06306581912106834	0.07830377914964554	0.03433223726391764	0.09436127241752001	0.0703747549872685	0.04548810199857114	0.04267274542490245	0.02758064811592079	0.01298979647914415	0.014281952407994285	0.03433933576361538	0.025284168971770868	0.0439479565480225
GCA_001481775	Ascomycota - BGC Enriched Clade	3137760.0	0.08277248137879006	37908251	0.48945821144957763	698	257	0.021912795967861016	0.08338617000737927	0.058682398949066295	0.037782505179386486	0.08883172256396295	0.058263580145228054	0.06770334915194641	0.012263980801898161	0.059847136585239165	0.05778537116408925	0.08949028153305118	0.04070134169130511	0.06132916669769364	0.05773869448040042	0.05146839943108932	0.02768036315549638	0.014737663416068513	0.0376524643018721	0.049155814943113475	0.0235867998338528
GCA_002989075	Ascomycota - BGC Enriched Clade	2021288.0	0.06033370080604906	33501807	0.48571533956709223	467	125	0.021803605025660096	0.03450709688771926	0.05891875234854563	0.09124210812823243	0.08526602114438696	0.06277025882002134	0.06154695639322336	0.059994478344404814	0.04330468920316962	0.011156214744727447	0.0827962288045789	0.06921442963768144	0.0639049287060646	0.0489851899141803	0.05921910614191002	0.0259446300165693	0.013712255865025426	0.02544512388835507	0.03633565771629699	0.043932268269247024
GCA_003988815	Ascomycota - BGC Enriched Clade	2467271.0	0.05852128751381842	43500704	0.3878197314907797	549	144	0.021201681749398443	0.07836520480500986	0.06020862100072715	0.05765720232081903	0.027808843662630364	0.058660760334916226	0.05798726680083889	0.08670510399157302	0.04027515633007987	0.06636847467079106	0.0678527523631503	0.055045440564195615	0.08880941692185916	0.011024356126209367	0.03770288081493123	0.022164741054290747	0.05496282319741764	0.05434096551757654	0.03898952480637061	0.013868782967214877
GCA_001563115	Ascomycota - BGC Enriched Clade	3904645.0	0.07859077412590308	49956273	0.527540639006467	969	287	0.06023916303820209	0.08698171486036729	0.09070723678243651	0.03889907511338876	0.058908464014894545	0.0806971005417846	0.05716288292968554	0.047947393128688176	0.023157500636689417	0.061035550850624315	0.06261874892524649	0.0608612684594583	0.036489015202909834	0.07133896328823419	0.047986719130358436	0.037862522973423025	0.02211615972161254	0.027273960745104384	0.015405054189343815	0.012311505467547704
GCA_002916505	Ascomycota - BGC Enriched Clade	1758394.0	0.06419392882678294	27531102	0.5812001051592807	497	75	0.023300904781201063	0.09661061712304075	0.07671646188984661	0.01184983369983883	0.07300262785807828	0.06396897751053367	0.033099533385623825	0.06090682843095481	0.055240920945373	0.042672320731357974	0.08807063738167248	0.061177639181197487	0.04752505061552302	0.060861858939400756	0.03585087122799756	0.06579931035185273	0.03969066952616317	0.023600535758075067	0.025707393704917154	0.014347006957351778
GCA_001604925	Ascomycota - BGC Enriched Clade	1198186.0	0.03702872844203312	32429884	0.5457832966655076	533	105	0.021559083128671275	0.062170630320947266	0.08501772391409768	0.06031220263229152	0.09211478054800153	0.04059722617274278	0.06220698367822387	0.05153628186234063	0.04406115031276005	0.06858534545493804	0.05763417197958131	0.05969485652872147	0.06582006674476396	0.08094482595885284	0.02631718678773583	0.01094676700780804	0.03621389257869345	0.03671667052599783	0.013982382502093623	0.023567771360737007
GCA_001600455	Ascomycota - BGC Enriched Clade	6754477.000000001	0.150857295369294	44773950	0.45521301606306613	796	276	0.02191067971218043	0.0844938833764406	0.06237232371083055	0.06182365700564988	0.05897488350303171	0.037845059426791665	0.08713619656537168	0.0390699310125805	0.06905118858318662	0.06067944384516234	0.05953949248014082	0.03744350358732687	0.059223330394272904	0.022849537468916516	0.08339939116305661	0.050652386179281424	0.04821511270554876	0.014876980906209246	0.028531931423607	0.011911086950413851
GCA_001956345	Ascomycota - BGC Enriched Clade	1929508.9999999998	0.07182068399995607	26990446	0.5074532406710711	300	129	0.02207292509149628	0.06100611563783874	0.0880514481712659	0.036817737732630425	0.047226236548890764	0.06145550218175345	0.08673160297553885	0.024527590455511995	0.04313634241965078	0.08478547609602799	0.05905213921170928	0.03495627382022015	0.0498600397803809	0.07032436849696601	0.05871264632045494	0.06269264679703455	0.011150561312668467	0.057786399819460425	0.013544392690390053	0.026109554440110063
GCA_000261425	Ascomycota - BGC Enriched Clade	1273538.0	0.047363342610469795	26888685	0.5567921512180647	657	82	0.0224940607068956	0.06478014011669246	0.05837997884704057	0.05990807264978899	0.09556709132213294	0.04377381019163998	0.085012503414894	0.07306026039393396	0.0600736294474006	0.03657049321787229	0.05797612059832136	0.04965540926050841	0.036045317866771016	0.041889290390727724	0.07945449263226642	0.06064464077139434	0.022828594897110782	0.02700856197730458	0.010622315688080048	0.014255215609223932
GCA_002927785	Ascomycota - BGC Enriched Clade	2654059.0	0.08078947522223004	32851544	0.4638477794832886	419	321	0.021426711134582967	0.08432606429198991	0.05073297305639757	0.06049810979202487	0.060235056183749275	0.060212347965464215	0.027601336931279707	0.011676244309883179	0.0388630055391976	0.05673296662575168	0.04187073919470629	0.050521766530578126	0.08287876705226427	0.06394694556377874	0.05817584279643067	0.08967415113464727	0.024193295569365367	0.06734936011054281	0.035350466181635204	0.013733850035730277
GCA_003385255	Ascomycota - BGC Enriched Clade	2142944.0	0.055130865004523265	39010245	0.5230673883267157	671	142	0.022309827581323265	0.048215723644544795	0.07939271074855037	0.036986861219353295	0.09081661143280284	0.046065851714273	0.07035094747320247	0.06421816769243842	0.08858884559201395	0.05853231686838155	0.03911994043644869	0.034704063836588694	0.011637754874944867	0.023246173082292387	0.026740271354059184	0.06024658986529412	0.06081187710161817	0.062066474865557136	0.06110079269699067	0.014848197919322141
GCA_003118255	Ascomycota - BGC Enriched Clade	2131043.0	0.09410978269778641	24069386	0.4810652389010213	381	81	0.021117402128611178	0.08227143552619601	0.0631261057656153	0.04133213340035543	0.0580784217879859	0.03843240531479935	0.06647976671561391	0.08768498691881751	0.0875833158521767	0.06096751275464768	0.05645960071718919	0.05126324444989769	0.05899890363462931	0.02732799531373069	0.0129055463422164	0.024091590046427313	0.051554157282913717	0.06237853894471865	0.03600219470974024	0.011944742393717867
GCA_003019875	Ascomycota - BGC Enriched Clade	1390539.0	0.048564348209288344	28632918	0.47613963628912037	506	85	0.02164446027103261	0.083674394021209	0.02282001898733164	0.06265522120744517	0.06943206562819548	0.0554207322358555	0.08442798662241625	0.08827188065837692	0.05890601225096852	0.06452811037627255	0.036510475165864704	0.050536445865178053	0.039150679411186884	0.03689035902340803	0.05122508541669097	0.027742499580892734	0.06177126509100631	0.011723796761907506	0.013959187986247335	0.058709323438513816
GCA_002572855	Ascomycota - BGC Enriched Clade	1097976.0	0.032528266807771725	33754519	0.42901386740943753	427	120	0.021014285127659977	0.024554999886959198	0.062499567445909975	0.05093872311878189	0.059219077227169105	0.08801402997842074	0.040762513270759484	0.06824111741525055	0.06269335167824067	0.08646098777359912	0.03979751393285561	0.02684073104640256	0.08016230813630783	0.036476651999045845	0.013092431849084532	0.05654808455821117	0.06316881513399487	0.05747594191825166	0.05016497036254723	0.011873898140548013
GCA_900536445	Ascomycota - BGC Enriched Clade	4001601.0000000005	0.07000084807083827	57387835	0.44138084163074504	674	248	0.02211430820127681	0.06002854710280544	0.08292234875690359	0.055356391717598895	0.059442983108744143	0.08678085851026822	0.05714363188001224	0.052324913877300316	0.040435665103389286	0.055450782162128114	0.07953458989325471	0.02764455853674903	0.06652415425732654	0.06940237633950767	0.03794495870074814	0.060284431016974664	0.038780228325336744	0.022383750015660234	0.01150602356912238	0.013994498924892837
GCA_003795315	Ascomycota - BGC Enriched Clade	3848048.0	0.10068197582249842	38261889	0.5179230554584905	640	167	0.022864179096501937	0.08905376757792073	0.07960839053004191	0.03959779473003993	0.06009127808402286	0.07388070411686526	0.06286179733165999	0.06116650750065079	0.06304825440302057	0.06000119851628265	0.04554457297322881	0.0357963224634777	0.0475188804483825	0.023516301729909393	0.060572783909041014	0.0860099560823938	0.035454516307073615	0.014701481656212094	0.027288956168656432	0.01142235637461802
GCA_001510565	Ascomycota - BGC Enriched Clade	626701.0	0.017658950447435443	35489142	0.5281630114038462	435	67	0.022517781237823147	0.10657694262414799	0.06837685606911899	0.04107618189921998	0.05618208246225883	0.024002313164286943	0.06033171163917224	0.0841583277956439	0.010254291776679402	0.0319208048432012	0.059894355437202604	0.04255532434691644	0.037612902843327314	0.06425821639511778	0.07071750669777474	0.022615061329573635	0.03452446203570314	0.08523837934061883	0.06457619564239084	0.012610302419822072
GCA_002240705	Ascomycota - BGC Enriched Clade	584744.0	0.010798272842163937	54153615	0.4587506467866902	403	517	0.02055890375410601	0.07779373167620561	0.09256629957859447	0.05901795433708054	0.051737379538791345	0.014060843822359012	0.03892920825943392	0.06486668530251613	0.026652254095037107	0.06348655118164324	0.040811747072724655	0.05881836629747968	0.03648835720534766	0.049038933978528064	0.0844249775081834	0.059771465970334656	0.06602032706869855	0.024527767256685293	0.05741037380779061	0.013017872288460052
GCA_000392275	Ascomycota - BGC Enriched Clade	1469578.0	0.031015000502080777	47465449	0.49658349426732795	638	80	0.022629478649797787	0.058565528376061514	0.05581653470866521	0.08706825219064428	0.03676120795188724	0.07342834582105161	0.0533668781794985	0.09100411377674256	0.0650819266064192	0.051173869376021384	0.03848463321742433	0.0379245583499085	0.06421995834842588	0.0731614730863704	0.060471214426874184	0.054884013888629714	0.02896233796875595	0.02138177192759569	0.010699449408828323	0.014914453740397758
GCA_001447215	Ascomycota - BGC Enriched Clade	4507020.0	0.08190961115515628	55024312	0.5165508696402286	846	170	0.02137015175415592	0.039093558896556406	0.0957309602746214	0.0765641859670136	0.06097859315247046	0.05754370548394715	0.05968771732053646	0.04508149397797862	0.04445456704203998	0.06414176899079768	0.06184722292895568	0.03666250455027615	0.026973515109526287	0.08693751084564028	0.06048833759330512	0.0782060365039788	0.023204125061811996	0.015191561733058294	0.01123314766901911	0.034609335144310624
GCA_001636715	Ascomycota - BGC Enriched Clade	750100.0	0.036926947411566706	20313079	0.4765611683446237	340	31	0.021812978275712464	0.08478456583411749	0.05201144779343258	0.0651600678818558	0.043198787059643216	0.05861730847743882	0.05729334476329169	0.011159039650866726	0.06446740775290818	0.06052866659144917	0.06219750642353579	0.04895874164998505	0.08669999499842392	0.02661914393954374	0.08316952202380053	0.01198575365027817	0.025305067061829948	0.03460218278085304	0.06205414729525234	0.03937432609578134
GCA_000738655	Ascomycota - BGC Enriched Clade	2340445.0	0.057145021822806175	40999967	0.4756941033223187	650	138	0.022573586609544623	0.08519429199357108	0.06931992618877765	0.05496620825177521	0.06046019899542404	0.08572395585763311	0.02672489193628522	0.059553684763419365	0.057164150107391794	0.04979627426874135	0.04021029901531283	0.011101823702371528	0.03814885263173253	0.023094035589418548	0.03700275141083716	0.06461899141556747	0.06055637934913737	0.08119253655813324	0.05847803901121221	0.014119122343713644
GCA_003049485	Ascomycota - BGC Enriched Clade	1716452.9999999998	0.0400331431724456	42983319	0.567951907786322	652	249	0.02090015034391396	0.08306925385741333	0.03185756854364937	0.08460933142981936	0.10154657502847149	0.06327818316689618	0.033699958307990246	0.02378375744274568	0.039081837263993446	0.08069768239351843	0.06517941100560766	0.023649476684059395	0.05964285649826825	0.05848630931861539	0.0396460330323447	0.04226504928139941	0.05860326352779377	0.06500614551052859	0.013852937301353818	0.011144220061617542
GCA_002127715	Ascomycota - BGC Enriched Clade	1828911.0000000002	0.036748127170862115	49777326	0.5349280111993159	860	146	0.02309166764271943	0.03539664670545513	0.03646570424134092	0.09122835680709145	0.06071570405483402	0.08050408586877027	0.058557819251938245	0.08430037159634238	0.07480232133944778	0.06088592268319267	0.014143812733149163	0.043211783058161056	0.04474586445822606	0.04866661245532849	0.02756596811129936	0.06459479884485088	0.05732513299806853	0.05876807469427168	0.023767444300958472	0.011261908154554039
GCA_001599595	Ascomycota - BGC Enriched Clade	4416498.0	0.09608134143667178	45966240	0.5000525561073697	794	404	0.02169421837835883	0.07946038822252512	0.06101742088727398	0.05911452123758381	0.06058669752548783	0.03855635994201702	0.0893812323111618	0.08500829239335762	0.0561977749941841	0.051194248325579075	0.0630670699881874	0.03947011340067879	0.038088828137019755	0.028253870415875675	0.05275118089719289	0.06806769072706523	0.011697981557355545	0.023785842019776144	0.057397601090433986	0.015208667548885406
GCA_001566295	Ascomycota - BGC Enriched Clade	2814412.0	0.07247094936461629	38835037	0.5709469479863838	738	275	0.022265457680669582	0.02626270034418501	0.015080130787548739	0.09748706379473958	0.08050351691244424	0.08776270103283049	0.06080188633768695	0.06302672770820163	0.07374669966655786	0.06014078668104558	0.0437312258027196	0.024815856199806353	0.013199095670761352	0.056845101595867024	0.05774946526678815	0.03556457910677173	0.04485010253931133	0.06290638691132863	0.03318616979518306	0.040074346165553124
GCA_000498615	Ascomycota - BGC Enriched Clade	1699501.0	0.05145587336733668	33676611	0.4955198431338593	669	127	0.021751719507218124	0.0807824137459069	0.0535055565470656	0.05938971794382174	0.06026793236043317	0.08570827722287884	0.08653844153758662	0.06380803921886759	0.057191477784004185	0.06056621740861432	0.027522515944937494	0.06063382036583808	0.0388569317576228	0.06808366625189652	0.023801233161143402	0.0400650486054862	0.049516150034467105	0.03687647712461534	0.010913405396005642	0.014220958081590322
GCA_001636725	Ascomycota - BGC Enriched Clade	3133737.0	0.09358360377999593	33485962	0.5365447638604065	596	143	0.021980743541221082	0.10180561388305044	0.060631456596985135	0.0588887850688002	0.03550318459565441	0.05807556573676953	0.04320104486362661	0.033088169609623914	0.03921585941984194	0.0592288586076494	0.08876371152481705	0.025977018339533448	0.044470570598630056	0.07256319135194633	0.06508383243985309	0.07722195240407966	0.06383053001980682	0.02378543331139421	0.014366874865875285	0.012317603220841414
GCA_000968615	Ascomycota - BGC Enriched Clade	527486.0	0.019102200280605188	28117660	0.48310002250319395	412	43	0.025064575326339114	0.05954191336865067	0.06616356774349919	0.08602576088085592	0.04657525708943596	0.036301374606142446	0.09809840379488245	0.057007028842491606	0.05989543298362245	0.08392818808213012	0.06393545929850074	0.02630310584813545	0.05956441951455974	0.023198988954676085	0.04900245836363007	0.0360181434160867	0.06041030435234237	0.010969149267684638	0.012879747931165818	0.03911672033516845
