126357
3815
3808
4022
4464
3624
13817
4480
3515
15303
3564
13332
4614
175693
243963
49693
3450
3701
50451
3817
4216
23204
38709
12947
12952
4685
4496
3805
102210
3644
3554
42336
224141
15367
3705
26473
3820
41851
71323
4441
3822
4627
3482
3718
4071
50460
13398
3648
171968
12989
13402
21019
46036
4057
41503
3774
3224
29595
13778
3558
3826
13426
43462
13428
2706
13442
3441
4281
13450
87658
94094
3828
3368
3655
3660
99568
4128
4264
4074
4038
149419
37818
66017
4377
4672
13492
455304
117673
43781
1803640
72452
4363
66655
51952
4510
4638
38413
41574
19151
1502711
13511
23075
3932
3990
98005
4605
520842
55182
3746
140914
26478
21496
3846
3633
146094
4231
199091
40917
108869
3980
47605
4512
3484
4295
35939
4119
26378
3995
16718
13578
39163
3174
4235
3853
4005
4398
82113
21634
4520
3867
3869
24646
4329
56856
3402
397391
3749
23461
3982
3196
3877
119952
43708
3984
126277
102786
62336
3671
190583
3497
4640
3082578
4430
4375
4085
4418
4290
43535
4145
36747
4527
4539
3468
3475
69923
3434
36459
3883
1006602
4719
15745
326854
37414
55512
59352
3689
48772
35715
4331
3754
3889
82449
22662
3766
3511
23212
3445
3725
82438
99299
106703
178132
202994
4346
46332
41843
3987
3764
3068352
23216
3618
125764
40685
21880
3571
4358
3246
53922
4181
3894
4554
3573
3727
176612
4107
4557
132464

13804
92479
3561
4473
147243
42073
4169
178174
13707
49743
1168313
3421
25628
54954
13714
3640
13287
22665
3479
3898
123484
4564
45183
4732
24735
37562
13749
3904
4420
3913
3603
126908
99657
4575
4650
15949
72171
27257
