DATASET_PIECHART
SEPARATOR TAB
COLOR	#000000
DATASET_LABEL	Genus
FIELD_LABELS	Actinokineospora	Amycolatopsis	Kutzneria	Micromonospora	Streptomyces
FIELD_COLORS	#FF66CC	#FF66CC	#FF66CC	#FF66CC	#9268F6
DATA
BGC0000106	1	1	0	0	0	0	1
BGC0000136	1	1	0	1	0	0	0
BGC0000137	1	1	0	0	0	1	0
BGC0000141	1	1	0	0	0	0	1
BGC0000957	1	1	0	0	0	0	1
BGC0001287	1	1	0	0	0	0	1
BGC0001666	1	1	0	0	0	1	0
BGC0001759	1	1	0	1	0	0	0
BGC0001785	1	1	0	0	0	0	1
BGC0002009	1	1	0	1	0	0	0
BGC0002453	1	1	0	0	0	0	1
GCA_000196835	1	1	0	1	0	0	0
GCA_000220945	1	1	0	1	0	0	0
GCA_000282715	1	1	0	1	0	0	0
GCA_000384275	1	1	0	0	0	1	0
GCA_000454025	1	1	0	1	0	0	0
GCA_000695625	1	1	0	1	0	0	0
GCA_000696405	1	1	0	1	0	0	0
GCA_000700945	1	1	0	1	0	0	0
GCA_000716785	1	1	0	1	0	0	0
GCA_001013905	1	1	0	0	0	0	1
GCA_001514035	1	1	0	0	0	0	1
GCA_001660045	1	1	0	0	0	0	1
GCA_001742805	1	1	0	1	0	0	0
GCA_001746425	1	1	0	0	0	0	1
GCA_004364395	1	1	0	0	0	0	1
GCA_004794975	1	1	0	0	0	0	1
GCA_011765705	1	1	0	0	0	1	0
GCA_011765725	1	1	0	0	0	1	0
GCA_011765735	1	1	0	0	0	1	0
GCA_013364075	1	1	0	1	0	0	0
GCA_014203355	1	1	0	0	1	0	0
GCA_014648855	1	1	0	0	0	0	1
GCA_017308975	1	1	0	1	0	0	0
GCA_017948485	1	1	0	0	0	0	1
GCA_020884795	1	1	0	0	0	1	0
GCA_020907265	1	1	0	0	0	0	1
GCA_021056305	1	1	1	0	0	0	0
GCA_022696125	1	1	0	0	0	0	1
GCA_024611995	1	1	0	0	0	0	1
GCA_900090265	1	1	0	0	0	1	0
GCA_900105265	1	1	0	0	0	0	1
GCA_900105945	1	1	0	1	0	0	0
