variant	af	filter-pvalue	lrt-pvalue	beta	beta-std-err	variant_h2	notes
GH18	2.13E-01	1.97E-53	1.27E-44	4.56E+04	3.24E+03	1.52E-01	
AA10	1.35E-01	2.38E-96	2.05E-25	3.65E+04	3.50E+03	1.13E-01	
CE9	5.08E-01	5.41E-153	2.35E-20	3.31E+04	3.57E+03	1.00E-01	
CE13	3.30E-02	1.29E-03	1.32E-16	5.81E+04	7.01E+03	8.98E-02	
GH19_2	9.29E-02	6.28E-65	1.01E-15	3.22E+04	4.01E+03	8.71E-02	
GH20	2.63E-01	8.72E-19	1.21E-15	2.92E+04	3.64E+03	8.69E-02	
GT1	2.40E-01	3.15E-119	2.19E-15	1.96E+04	2.46E+03	8.61E-02	
PL3_1	1.96E-02	2.55E-30	2.25E-14	5.44E+04	7.11E+03	8.29E-02	
GH129	3.54E-02	1.51E-36	2.44E-14	3.89E+04	5.10E+03	8.28E-02	
PL3	2.34E-02	1.29E-29	2.81E-14	5.54E+04	7.28E+03	8.26E-02	
PL3_2	2.31E-02	2.14E-29	6.97E-14	5.51E+04	7.35E+03	8.13E-02	
CE16	9.59E-02	3.23E-11	1.72E-13	3.07E+04	4.16E+03	8.00E-02	
CBM5	6.47E-02	1.73E-18	2.83E-13	3.62E+04	4.96E+03	7.93E-02	
GH64	1.50E-02	9.30E-19	1.29E-12	5.84E+04	8.22E+03	7.70E-02	
GT107	2.05E-01	2.40E-07	1.78E-12	2.14E+04	3.04E+03	7.66E-02	
PL3_4	2.12E-02	3.65E-28	2.67E-12	5.51E+04	7.87E+03	7.60E-02	
CBM63	1.30E-02	6.40E-13	1.60E-11	7.70E+04	1.14E+04	7.32E-02	
PL3_5	1.80E-02	1.57E-23	3.80E-11	5.59E+04	8.44E+03	7.18E-02	
CBM13	6.56E-02	7.16E-21	1.30E-10	2.54E+04	3.94E+03	6.98E-02	
CBM20	2.60E-02	1.02E-19	1.68E-09	3.29E+04	5.45E+03	6.55E-02	
AA3_3	7.70E-01	6.06E-120	2.80E-09	1.96E+04	3.30E+03	6.46E-02	
GH37	1.78E-01	2.25E-36	2.85E-09	2.15E+04	3.61E+03	6.45E-02	
GH19	2.50E-01	1.65E-150	3.80E-09	1.35E+04	2.28E+03	6.40E-02	
GT2_Chitin_synth_2	3.19E-02	1.98E-72	5.50E-09	3.24E+04	5.55E+03	6.34E-02	
GH109	5.96E-01	3.63E-181	1.04E-08	1.38E+04	2.41E+03	6.22E-02	
GH12	2.35E-02	2.96E-21	1.27E-08	3.64E+04	6.39E+03	6.18E-02	
GH92	9.94E-02	7.72E-06	1.60E-08	2.56E+04	4.52E+03	6.14E-02	
CE1	8.40E-01	0.00E+00	1.82E-08	2.73E+04	4.84E+03	6.12E-02	
AA5_1	2.51E-02	3.00E-12	2.76E-08	3.34E+04	6.01E+03	6.04E-02	
GH179	5.94E-01	1.01E-155	3.20E-08	1.33E+04	2.40E+03	6.01E-02	
GH13_1	5.86E-01	3.41E-142	3.22E-08	1.58E+04	2.86E+03	6.01E-02	
GH5_55	1.03E-02	5.14E-05	5.95E-08	6.72E+04	1.24E+04	5.89E-02	
GH13_20	6.48E-01	3.91E-248	6.00E-08	1.67E+04	3.09E+03	5.89E-02	
GH13_44	6.20E-01	2.57E-269	7.48E-08	1.62E+04	3.01E+03	5.85E-02	
GH6	1.58E-02	1.81E-12	7.71E-08	4.20E+04	7.81E+03	5.84E-02	
GH13_35	6.24E-01	1.49E-265	7.96E-08	1.61E+04	3.00E+03	5.83E-02	
GH13_2	6.33E-01	4.94E-258	7.97E-08	1.65E+04	3.07E+03	5.83E-02	
GH5_53	1.56E-02	6.41E-11	9.74E-08	5.20E+04	9.74E+03	5.79E-02	
GH128	1.54E-02	1.45E-08	1.32E-07	4.25E+04	8.05E+03	5.73E-02	
GH13_40	6.31E-01	6.96E-258	1.52E-07	1.58E+04	3.01E+03	5.71E-02	
GH177	5.40E-01	9.00E-156	1.62E-07	1.20E+04	2.29E+03	5.69E-02	
GH15	4.15E-01	1.86E-196	1.75E-07	1.67E+04	3.20E+03	5.68E-02	
AA3_1	7.96E-01	3.23E-110	1.76E-07	1.83E+04	3.51E+03	5.68E-02	
CE4	7.42E-01	2.91E-104	2.40E-07	1.51E+04	2.92E+03	5.61E-02	
CBM12	3.04E-02	7.52E-13	2.71E-07	3.11E+04	6.05E+03	5.59E-02	
GH79	3.07E-02	3.78E-08	2.84E-07	3.17E+04	6.16E+03	5.58E-02	
AA5	2.78E-02	9.57E-14	3.11E-07	3.06E+04	5.97E+03	5.56E-02	
CBM6	3.10E-02	2.85E-07	3.12E-07	3.06E+04	5.98E+03	5.56E-02	
GH5_20	2.26E-02	1.12E-13	3.33E-07	4.27E+04	8.36E+03	5.55E-02	
GH13_30	6.60E-01	1.89E-223	3.36E-07	1.53E+04	3.00E+03	5.54E-02	
GH13_36	6.82E-01	1.59E-209	4.27E-07	1.56E+04	3.09E+03	5.50E-02	
GH19_1	2.24E-01	3.92E-148	4.83E-07	1.13E+04	2.23E+03	5.47E-02	
GH13_21	6.38E-01	1.92E-248	5.16E-07	1.52E+04	3.02E+03	5.46E-02	
CBM73	5.46E-02	6.05E-20	5.52E-07	2.22E+04	4.43E+03	5.44E-02	
GH13_46	6.25E-01	3.74E-254	6.69E-07	1.52E+04	3.06E+03	5.40E-02	
GH13_17	6.60E-01	1.19E-228	6.94E-07	1.50E+04	3.01E+03	5.39E-02	
AA5_2	3.49E-02	2.31E-09	9.97E-07	2.68E+04	5.48E+03	5.32E-02	
GH13_31	6.67E-01	4.49E-219	1.14E-06	1.47E+04	3.01E+03	5.29E-02	
CBM56	1.63E-02	5.30E-11	1.35E-06	4.26E+04	8.80E+03	5.25E-02	
GH13_29	6.66E-01	3.29E-218	1.47E-06	1.45E+04	3.01E+03	5.23E-02	
GH13_23	6.62E-01	3.74E-228	1.67E-06	1.45E+04	3.02E+03	5.21E-02	
GH10	1.46E-01	2.96E-06	1.70E-06	1.77E+04	3.71E+03	5.20E-02	
GH39	1.29E-01	7.79E-63	2.10E-06	1.53E+04	3.22E+03	5.16E-02	
PL1_6	6.20E-02	3.04E-34	2.10E-06	2.01E+04	4.23E+03	5.16E-02	
GH13_4	6.74E-01	6.19E-221	2.98E-06	1.43E+04	3.07E+03	5.08E-02	
GH13_16	6.74E-01	6.78E-217	3.35E-06	1.43E+04	3.07E+03	5.05E-02	
GH114	4.48E-02	9.36E-08	3.94E-06	2.25E+04	4.88E+03	5.02E-02	
GH13_10	6.80E-01	0.00E+00	5.38E-06	1.50E+04	3.30E+03	4.94E-02	
GH13_37	6.15E-01	4.43E-272	5.38E-06	1.33E+04	2.93E+03	4.94E-02	
GT23	1.89E-02	3.66E-17	5.73E-06	3.07E+04	6.76E+03	4.93E-02	
GH25	2.49E-01	3.88E-12	6.75E-06	2.14E+04	4.74E+03	4.89E-02	
GH13_39	6.22E-01	4.38E-252	7.10E-06	1.38E+04	3.08E+03	4.88E-02	
GH13_45	6.50E-01	4.02E-247	8.01E-06	1.37E+04	3.07E+03	4.85E-02	
GH5_24	2.27E-02	8.82E-13	8.54E-06	3.75E+04	8.43E+03	4.84E-02	
GT112	2.80E-02	3.55E-11	1.21E-05	2.84E+04	6.50E+03	4.76E-02	
GH13_26	3.07E-01	5.02E-257	1.42E-05	1.45E+04	3.34E+03	4.72E-02	
CBM2	2.92E-02	3.54E-13	1.54E-05	2.77E+04	6.41E+03	4.70E-02	
GH87	1.22E-02	6.28E-12	1.66E-05	3.66E+04	8.50E+03	4.68E-02	
PL4	1.83E-02	1.62E-16	2.29E-05	3.18E+04	7.50E+03	4.60E-02	
GT84	2.20E-01	4.99E-46	2.94E-05	1.12E+04	2.68E+03	4.54E-02	
PL1_4	2.42E-02	1.64E-20	3.18E-05	2.56E+04	6.16E+03	4.52E-02	
AA3_2	8.25E-01	1.57E-110	3.71E-05	1.48E+04	3.58E+03	4.48E-02	
PL1_3	4.04E-02	1.10E-20	3.82E-05	2.26E+04	5.49E+03	4.48E-02	
CBM32	1.01E-01	9.47E-14	4.09E-05	1.61E+04	3.93E+03	4.46E-02	
GT20	4.24E-01	6.78E-32	4.40E-05	1.46E+04	3.58E+03	4.44E-02	
GH24	3.37E-01	3.33E-29	4.46E-05	8.23E+03	2.02E+03	4.44E-02	
AA3	8.49E-01	1.03E-126	5.16E-05	1.55E+04	3.84E+03	4.40E-02	
GH5_51	2.22E-02	8.62E-12	6.47E-05	3.42E+04	8.54E+03	4.34E-02	
AA2	6.77E-01	1.60E-10	6.77E-05	1.08E+04	2.71E+03	4.33E-02	
GH13_41	6.62E-01	1.50E-267	7.15E-05	1.26E+04	3.17E+03	4.32E-02	
GH5_8	1.09E-01	2.27E-20	9.87E-05	1.43E+04	3.66E+03	4.23E-02	
GH94	2.64E-01	8.62E-34	1.05E-04	1.02E+04	2.63E+03	4.22E-02	
