DATASET_HEATMAP
SEPARATOR TAB
DATASET_LABEL	ResFams
COLOR	#000000
FIELD_LABELS	RF0002	RF0003	RF0004	RF0005	RF0006	RF0007	RF0027	RF0029	RF0030	RF0033	RF0034	RF0042	RF0043	RF0047	RF0049	RF0050	RF0051	RF0052	RF0053	RF0054	RF0055	RF0056	RF0057	RF0059	RF0065	RF0066	RF0067	RF0068	RF0070	RF0071	RF0072	RF0080	RF0083	RF0084	RF0089	RF0090	RF0098	RF0099	RF0100	RF0104	RF0105	RF0107	RF0111	RF0113	RF0115	RF0121	RF0123	RF0124	RF0125	RF0126	RF0127	RF0128	RF0133	RF0134	RF0135	RF0136	RF0150	RF0153	RF0154	RF0155	RF0158	RF0159	RF0166	RF0172	RF0173	RF0174
DATA
Mycobacteriaceae	0.006339259691052171	0.0001457301078402798	0.0002185951617604197	0.0002185951617604197	7.28650539201399e-05	2.0680559603614106	0.001967356455843777	0	0.002477411833284757	0.9105945788399883	0.010419702710580006	0	0	0	0	0.1176041970271058	0.19352958321189156	0	0.8834159137277762	0.2759399591955698	0.0136986301369863	0.002185951617604197	7.28650539201399e-05	0	7.28650539201399e-05	7.28650539201399e-05	0.061133780238997376	0.011075488195861264	7.28650539201399e-05	0.0001457301078402798	0.010711162926260566	7.28650539201399e-05	0	0.008452346254736228	0	0	0	0	0	0.011877003788982803	0.013771495190906442	0.6952054794520548	0	0	0	7.28650539201399e-05	0.8925969105217137	0.02389973768580589	0.010419702710580006	0.0020402215097639173	0.0003643252696006995	7.28650539201399e-05	0.008015155931215389	0.0410958904109589	0.00757796560769455	0	0	0	0.012168464004663364	0.016977557563392597	0.5175604779947537	7.28650539201399e-05	0.003133197318566016	0.17116001165840863	0.016030311862430778	0.000728650539201399
Dermatophilaceae	0.005763688760806916	0	0	0	0	2.38328530259366	0	0	0	0.011527377521613832	0	0	0	0	0	0.011527377521613832	0.040345821325648415	0	0.25360230547550433	0.3976945244956772	0	0	0	0	0	0	0.04899135446685879	0	0	0	0	0	0	0	0	0	0	0	0	0.15273775216138327	0	0.023054755043227664	0	0	0	0	0.42939481268011526	0.1642651296829971	0	0	0	0	0	0.15273775216138327	0	0	0	0	0.01440922190201729	0.07780979827089338	0	0	0	0.011527377521613832	0	0
Micrococcaceae	0.010526315789473684	0.017813765182186234	0	0.0008097165991902834	0.0008097165991902834	2.471255060728745	0.02186234817813765	0.004048582995951417	0.0016194331983805667	0.11093117408906883	0.011336032388663968	0	0	0	0	0.004048582995951417	0.0825910931174089	0	0.31902834008097164	0.5862348178137652	0	0	0	0	0	0	0.08016194331983806	0.005668016194331984	0	0	0	0	0	0	0.0008097165991902834	0	0	0	0	0.02186234817813765	0.004048582995951417	0.015384615384615385	0	0	0	0	0.8178137651821862	0.2194331983805668	0	0.004858299595141701	0.0016194331983805667	0	0.042105263157894736	0.03076923076923077	0.04129554655870445	0	0	0	0.004858299595141701	0.016194331983805668	0.006477732793522267	0	0.026720647773279354	0.013765182186234818	0.008097165991902834	0
Coriobacteriaceae	0.07109004739336493	0	0	0	0	6.388625592417061	0.0039494470774091624	0	0	0.0071090047393364926	0.001579778830963665	0	0	0.0007898894154818325	0.0007898894154818325	0.0007898894154818325	0.0007898894154818325	0	0.07345971563981042	0.44549763033175355	0	0	0	0	0	0	0.02448657187993681	0	0.02527646129541864	0	0	0	0	0	0	0	0	0.0007898894154818325	0	0.004739336492890996	0	0.22195892575039494	0	0.0007898894154818325	0	0	0.002369668246445498	0.002369668246445498	0.009478672985781991	0	0.004739336492890996	0	0.09004739336492891	0.005529225908372828	0.08135860979462875	0	0	0	0.9036334913112164	0.9494470774091627	0	0.02132701421800948	0.0039494470774091624	0.002369668246445498	0.001579778830963665	0
Cellulomonadaceae	0.13649851632047477	0.005934718100890208	0	0	0	2.4183976261127595	0.002967359050445104	0	0.002967359050445104	0.7655786350148368	0	0	0	0	0	0.09198813056379822	0.11275964391691394	0	0.28486646884273	0.10089020771513353	0	0	0	0	0	0	0.0771513353115727	0	0	0	0	0	0	0	0.002967359050445104	0	0.002967359050445104	0	0	0.06231454005934718	0.05341246290801187	0.002967359050445104	0	0	0	0	0.10089020771513353	0.002967359050445104	0	0.002967359050445104	0	0	0.002967359050445104	0.06231454005934718	0.002967359050445104	0.002967359050445104	0	0	0.026706231454005934	0.11275964391691394	0.01483679525222552	0	0.002967359050445104	0.09495548961424333	0.002967359050445104	0
Pseudonocardiaceae	0.20662768031189083	0	0	0	0	3.978557504873294	0	0	0.009746588693957114	0.31968810916179335	0	0	0	0	0	0.005847953216374269	0.6374269005847953	0	2.3430799220272904	0.8693957115009746	0	0.003898635477582846	0	0	0	0	0.2807017543859649	0.06042884990253411	0	0	0.22612085769980506	0	0	0	0	0	0	0	0	0.005847953216374269	0.5282651072124757	1.0467836257309941	0	0	0	0	2.9044834307992202	1.152046783625731	0	0	0.003898635477582846	0	0	0.015594541910331383	0	0	0	0	0.3391812865497076	0.5653021442495126	0.39571150097465885	0	0	0.0935672514619883	0.01364522417153996	0.02729044834307992
Microbacteriaceae	0.0077632217370208634	0.002911208151382824	0	0	0	2.4070839398350317	0.004366812227074236	0	0.0009704027171276079	0.4255215914604561	0	0	0	0	0	0.1567200388161087	0.06744298884036876	0	0.45754488112566716	0.11741872877244056	0	0.00048520135856380397	0	0.00048520135856380397	0	0	0.10043668122270742	0.001455604075691412	0	0	0	0	0	0	0	0	0.00048520135856380397	0	0	0.20281416787967008	0.09364386220281416	0.026200873362445413	0	0	0.00048520135856380397	0	0.11693352741387676	0.009218825812712276	0	0.0009704027171276079	0.07569141193595343	0	0	0.22852983988355166	0	0	0	0	0.09801067442988841	0.19796215429403202	0.028626880155264434	0.00048520135856380397	0.004366812227074236	0.008248423095584668	0.0009704027171276079	0
Nocardioidaceae	0.005	0.0025	0	0	0	2.8175	0	0	0	0.08	0	0	0	0	0	0.0175	0.0675	0	0.445	0.89	0	0	0	0	0	0	0.09	0	0	0	0.02	0	0	0	0	0	0	0	0	0.245	0.0975	0.0225	0	0	0	0	0.93	0.3075	0.0025	0.0025	0	0	0	0.2525	0	0	0	0	0.1125	0.19	0.0525	0	0	0.0175	0	0
Bifidobacteriaceae	0.03398259428097804	0	0	0	0	3.563613758806465	0	0.00870285951098218	0.003315375051802735	0.17944467467882305	0.0008288437629506838	0	0	0	0	0.0008288437629506838	0.0004144218814753419	0	0.15706589307915458	0.014090343970161625	0	0	0	0	0	0	0.08578532946539577	0	0.0004144218814753419	0	0	0	0	0	0	0	0	0	0	0.002900953170327393	0	0.4658101947782843	0	0.0008288437629506838	0	0	0.036883547451305426	0	0	0.0024865312888520514	0.0012432656444260257	0	0.19229175300455864	0.0037297969332780773	0.1732283464566929	0	0	0	0.009531703273932863	0.011603812681309573	0	0.08454206382096975	0.009117281392457521	0.0012432656444260257	0.00870285951098218	0
Streptomycetaceae	0.8900035829451809	0	0	0	0	5.6105338588319595	0.0007165890361877463	0	0.08491580078824794	0.23539949838767465	0.010748835542816195	0	0.00035829451809387314	0	0	0.07595843783590112	1.249014690075242	0.0035829451809387316	1.4761734145467575	0.7925474740236474	0	0	0	0.00035829451809387314	0	0	0.07918308849874597	0.030096739519885347	0	0.00035829451809387314	0.5277678251522752	0	0.0007165890361877463	0	0.00035829451809387314	0.0017914725904693658	0	0	0	0.10139734862056611	0.4041562164098889	1.9648871372268004	0.00035829451809387314	0	0.00035829451809387314	0.0025080616266571123	1.10175564313866	0.39878179863848084	0.00035829451809387314	0.005374417771408097	0.00035829451809387314	0	0	0.10318882121103547	0	0	0	0	0.25008957362952344	0.40594768900035827	0.08670727337871731	0	0.0017914725904693658	0.13256897169473308	0.015406664278036546	0.0010748835542816195
Atopobiaceae	0	0	0	0	0	4.9316987740805605	0.0017513134851138354	0	0.0017513134851138354	0.0017513134851138354	0.0017513134851138354	0	0	0	0	0	0	0	0.11558669001751314	0.2171628721541156	0	0	0	0	0	0	0.0035026269702276708	0	0.0035026269702276708	0	0	0	0	0	0	0	0	0.0017513134851138354	0	0.0017513134851138354	0	0.024518388791593695	0	0	0	0	0.0035026269702276708	0.0017513134851138354	0.014010507880910683	0	0.0017513134851138354	0	0.050788091068301226	0.0017513134851138354	0.050788091068301226	0	0.0017513134851138354	0.0017513134851138354	0.014010507880910683	0.1436077057793345	0.0017513134851138354	0.07530647985989491	0.0017513134851138354	0.0017513134851138354	0	0
Streptosporangiaceae	0.41839080459770117	0	0	0	0	3.6873563218390806	0	0	0.03908045977011494	0.42298850574712643	0	0	0	0	0	0.004597701149425287	0.7241379310344828	0	2.340229885057471	0.7379310344827587	0	0.17471264367816092	0	0	0	0	0.41379310344827586	0.06206896551724138	0	0	0.05057471264367816	0	0	0	0	0	0.0022988505747126436	0	0	0.013793103448275862	0.4666666666666667	0.11264367816091954	0	0	0	0.004597701149425287	2.117241379310345	1.2988505747126438	0	0	0.0022988505747126436	0	0	0.041379310344827586	0	0	0	0	0.27586206896551724	0.496551724137931	0.029885057471264367	0	0	0.04827586206896552	0.006896551724137931	0.009195402298850575
S36-B12	0	0	0	0	0	0.7609756097560976	0	0	0	0.004878048780487805	0	0	0	0	0	0	0	0	0.01951219512195122	0.004878048780487805	0	0	0	0	0	0	0	0	0	0	0	0	0	0	0	0	0	0	0	0	0	0	0	0.00975609756097561	0	0	0.04878048780487805	0.024390243902439025	0	0	0	0	0	0	0	0	0	0	0	0	0	0	0	0	0	0
Eggerthellaceae	0.006791171477079796	0	0	0	0	3.2275042444821733	0.001697792869269949	0.010186757215619695	0.003395585738539898	0.06112054329371817	0.001697792869269949	0	0	0	0	0	0	0	0.07640067911714771	0.8862478777589134	0	0	0	0	0	0	0.011884550084889643	0	0.010186757215619695	0	0	0	0	0	0	0	0.001697792869269949	0	0	0.001697792869269949	0	0.6791171477079796	0	0	0.001697792869269949	0	0.0967741935483871	0.01697792869269949	0.003395585738539898	0	0	0	0.1697792869269949	0.008488964346349746	0.16468590831918506	0	0	0	0.011884550084889643	0.6757215619694398	0.011884550084889643	0.05602716468590832	0.011884550084889643	0.001697792869269949	0.025466893039049237	0
Gaiellaceae	0.031914893617021274	0.02127659574468085	0	0	0	2.6595744680851063	0	0	0	0.010638297872340425	0	0	0	0	0	0	0	0	0.06382978723404255	0.14893617021276595	0	0	0	0	0	0	0	0	0	0	0	0	0	0	0	0	0	0	0	0	0	0	0	0	0	0	0.09574468085106383	0.06382978723404255	0	0	0	0	0	0	0	0	0	0	0.0851063829787234	0.0851063829787234	0	0	0	0	0	0
Nanopelagicaceae	0.0033975084937712344	0	0	0	0	1.1415628539071347	0	0	0	0.0022650056625141564	0	0	0	0	0	0	0	0	0.009060022650056626	0.007927519818799546	0	0	0	0	0	0	0	0	0	0	0	0	0	0	0	0	0	0	0	0	0	0.0011325028312570782	0	0	0	0	0	0	0	0	0	0	0	0	0	0	0	0	0	0	0	0	0	0	0	0
JAHELV01	0	0	1	0	0	1.5	0	0	0	0	0	0	0	0	0	0	0	0	0	0	0	0	0	0	0	0	0	0	0	0	0	0	0	0	0	0	0	0	0	0	0	0	0	0	0	0	0.5	0.5	0	0	0	0	0	0	0	0	0	0	0	0	0	0	0	0	0	0
Geodermatophilaceae	0	0	0	0	0	2.517857142857143	0	0	0	0.22321428571428573	0	0	0	0	0	0	0	0	0.22321428571428573	0.1875	0	0	0	0	0	0	0.008928571428571428	0	0	0	0	0	0	0	0	0	0	0	0	0.0625	0.13392857142857142	0.3392857142857143	0	0	0	0	1.3392857142857142	0.6071428571428571	0	0	0	0	0	0.0625	0	0	0	0	0.026785714285714284	0.125	0	0	0	0	0	0
Solirubrobacteraceae	0.005747126436781609	0	0	0	0	2.632183908045977	0	0	0	0	0	0	0	0	0	0	0.005747126436781609	0	0.08620689655172414	0.3505747126436782	0	0	0	0	0	0	0	0	0	0	0	0	0	0	0	0	0.005747126436781609	0	0	0.04597701149425287	0.011494252873563218	0.034482758620689655	0	0	0	0	0.367816091954023	0.09770114942528736	0	0	0	0	0	0.04597701149425287	0	0	0	0	0.07471264367816093	0.19540229885057472	0.022988505747126436	0	0	0	0	0
MedAcidi-G1	0	0	0	0	0	1.4971098265895955	0	0	0	0	0	0	0	0	0	0	0	0	0.005780346820809248	0.005780346820809248	0	0	0	0	0	0	0	0	0	0	0	0	0	0	0	0	0	0	0	0	0	0	0	0	0	0	0.7745664739884393	0.26011560693641617	0	0	0	0	0	0.16184971098265896	0	0	0	0	0	0	0	0	0	0	0	0
Propionibacteriaceae	0.018915510718789406	0.012610340479192938	0	0	0	2.162673392181589	0.0037831021437578815	0	0.0012610340479192938	0.12610340479192939	0.0025220680958385876	0.0012610340479192938	0.0012610340479192938	0	0	0.0012610340479192938	0.021437578814627996	0	0.1021437578814628	0.8095838587641866	0	0	0	0	0	0	0.08575031525851198	0.011349306431273645	0	0	0.0025220680958385876	0	0	0	0.0012610340479192938	0	0.0012610340479192938	0	0	0.034047919293820936	0.0025220680958385876	0.03530895334174023	0.0025220680958385876	0	0.0012610340479192938	0	0.8965952080706179	0.01008827238335435	0	0.0012610340479192938	0	0	0.0037831021437578815	0.03783102143757881	0.0037831021437578815	0	0	0	0.006305170239596469	0.021437578814627996	0.0037831021437578815	0.0012610340479192938	0.006305170239596469	0.007566204287515763	0	0
QHCA01	1	0	0	0	0	2	0	0	0	0	0	0	0	0	0	0	0	0	0	0	0	0	0	0	0	0	0	0	0	0	0	0	0	0	0	0	0	0	0	0	0	0	0	0	0	0	0	0	0	0	0	0	0	0	0	0	0	0	0	0	0	0	0	0	0	0
Nitriliruptoraceae	0	0	0	0	0	1.5671641791044777	0	0	0.014925373134328358	0.029850746268656716	0	0	0	0	0	0	0	0	0.04477611940298507	0.40298507462686567	0	0	0	0	0	0	0	0	0	0	0	0	0	0	0	0	0	0	0	0	0	0.208955223880597	0	0	0	0	0.582089552238806	0.05970149253731343	0	0	0	0	0	0	0	0	0	0	0	0.014925373134328358	0	0	0	0	0	0
UBA8139	0	0	0	0	0	1.9111111111111112	0	0	0	0	0	0	0	0	0	0	0	0	0.022222222222222223	0	0	0	0	0	0	0	0	0	0	0	0	0	0	0	0	0	0	0	0	0	0	0.044444444444444446	0	0	0	0	0.8666666666666667	0.044444444444444446	0	0	0	0	0	0.6222222222222222	0	0	0	0	0	0	0	0	0	0	0	0
Thermoleophilaceae	0	0	0	0	0	1.9090909090909092	0	0	0	0	0	0	0	0	0	0	0	0	0	0.13636363636363635	0	0	0	0	0	0	0	0	0	0	0	0	0	0	0	0	0	0	0	0	0	0	0	0	0	0	0.045454545454545456	0	0	0	0	0	0	0	0	0	0	0	0	0	0	0	0	0	0	0
Ilumatobacteraceae	0.07580174927113703	0	0	0	0	2.206997084548105	0	0	0	0.011661807580174927	0	0	0	0	0	0	0	0	0.011661807580174927	0.01749271137026239	0	0	0	0	0	0	0	0	0	0	0	0	0	0	0	0	0	0	0	0	0	0.008746355685131196	0	0	0	0	0.45481049562682213	0.25072886297376096	0	0	0	0	0	0.41690962099125367	0	0	0	0	0.0058309037900874635	0.008746355685131196	0.008746355685131196	0	0	0	0	0
Miltoncostaeaceae	0	0	0	0	0	2.297872340425532	0	0	0	0.02127659574468085	0	0	0	0	0	0	0	0	0	0.02127659574468085	0	0	0	0	0	0	0	0	0	0	0	0	0	0	0	0	0	0	0	0.3829787234042553	0	0	0	0	0	0	0	0	0	0	0	0	0	1	0	0	0	0	0	0.0425531914893617	0	0	0	0	0	0
Dermabacteraceae	0	0	0	0	0	3.8	0	0	0	0.1	0.01818181818181818	0	0	0	0	0	0.19090909090909092	0	0.43636363636363634	0	0	0	0	0	0	0	0.22727272727272727	0.00909090909090909	0	0	0	0	0	0	0	0	0	0	0	0.06363636363636363	0.00909090909090909	0.00909090909090909	0	0	0	0	0.08181818181818182	0.02727272727272727	0	0	0	0	0	0.06363636363636363	0	0	0	0	0	0.02727272727272727	0	0	0	0.06363636363636363	0.01818181818181818	0
Actinomycetaceae	0	0	0	0	0	1.506006006006006	0.012012012012012012	0.0045045045045045045	0.0015015015015015015	0.03003003003003003	0.003003003003003003	0	0	0	0	0.006006006006006006	0.018018018018018018	0	0.03303303303303303	0.04054054054054054	0	0	0	0	0	0	0.15465465465465467	0.009009009009009009	0	0.003003003003003003	0	0	0	0	0	0	0	0	0	0.02252252252252252	0	0.14714714714714713	0	0	0	0	0.024024024024024024	0.0045045045045045045	0	0	0.003003003003003003	0	0.11411411411411411	0.02252252252252252	0.1111111111111111	0	0	0	0	0.0045045045045045045	0	0	0.018018018018018018	0.003003003003003003	0.003003003003003003	0
Humimicrobiaceae	0.13333333333333333	0	0	0	0	1.1777777777777778	0	0	0	0	0	0	0	0	0	0	0	0	0	0.26666666666666666	0	0	0	0	0	0	0	0	0	0	0	0	0	0	0	0	0	0.022222222222222223	0.022222222222222223	0	0	0.022222222222222223	0	0	0	0	0	0	0	0	0	0	0	0.044444444444444446	0	0	0	0	0	0	0	0	0	0	0	0
RAAP-2	0.06037735849056604	0	0	0	0	2.8377358490566036	0	0	0	0.05849056603773585	0	0	0	0	0	0	0	0	0.06792452830188679	0.0037735849056603774	0	0	0	0	0	0	0.0018867924528301887	0	0	0	0	0	0	0	0	0	0	0	0	0	0	0.035849056603773584	0	0	0	0	0.13018867924528302	0.013207547169811321	0	0	0	0	0	0	0	0	0	0	0.0018867924528301887	0	0	0	0	0	0	0
Micromonosporaceae	0.9559118236472945	0	0	0	0	4.7374749498997994	0	0	0.006012024048096192	0.1402805611222445	0	0	0	0	0	0.002004008016032064	0.22044088176352705	0	1.6332665330661322	1.0701402805611222	0	0.012024048096192385	0	0	0	0	0.14228456913827656	0	0	0	0.01002004008016032	0	0	0	0.002004008016032064	0	0	0	0	0.002004008016032064	0.5230460921843687	0.03206412825651302	0	0	0	0	1.2605210420841684	0.533066132264529	0	0.002004008016032064	0	0	0	0.156312625250501	0	0	0	0	0.13827655310621242	0.2545090180360721	0.08016032064128256	0	0.004008016032064128	0.006012024048096192	0.002004008016032064	0.04408817635270541
UBA5976	0	0	0	0	0	0.8085106382978723	0	0	0	0	0	0	0	0	0	0	0	0	0	0	0	0	0	0	0	0	0	0	0	0	0	0	0	0	0	0	0	0	0	0	0	0	0	0	0	0	0	0	0	0	0	0	0	0	0	0	0	0	0	0	0	0	0	0	0	0
CAIYMF01	0	0	0	0	0	1.75	0	0	0	0	0	0	0	0	0	0	0	0	0	1.1	0	0	0	0	0	0	0	0	0	0	0	0	0	0	0	0	0	0	0	0.05	0	0	0	0	0	0	0.15	0.15	0	0	0	0	0	0.05	0	0	0	0	0	0	0	0	0	0	0	0
F1-60-MAGs149	0	0	0	0	0	2	0	0	0	0	0	0	0	0	0	0	0	0	0.038461538461538464	0.038461538461538464	0	0	0	0	0	0	0	0	0	0	0	0	0	0	0	0	0	0	0	0	0	0	0	0	0	0	0.34615384615384615	0	0	0	0	0	0	0	0	0	0	0	0	0	0	0	0	0	0	0
Brevibacteriaceae	0	0	0	0	0	2.2033898305084745	0.005649717514124294	0	0.011299435028248588	0.13559322033898305	0.011299435028248588	0	0	0	0	0	0.423728813559322	0	1.1355932203389831	0.02824858757062147	0	0	0	0	0	0	0.6836158192090396	0.01694915254237288	0	0	0	0	0	0	0	0	0	0	0	0.1016949152542373	0.022598870056497175	0.062146892655367235	0	0	0	0	0.7457627118644068	0	0	0	0	0	0	0.1016949152542373	0	0	0	0	0.005649717514124294	0.14689265536723164	0.011299435028248588	0	0.01694915254237288	0.062146892655367235	0.022598870056497175	0
UBA2279	0	0.034482758620689655	0	0	0	2	0	0	0	0	0	0	0	0	0	0	0	0	0	0.034482758620689655	0	0	0	0	0	0	0	0	0	0	0	0	0	0	0	0	0	0	0	0	0	0	0	0	0	0	0	0	0	0	0	0	0	0.4827586206896552	0	0	0	0	0	0	0	0	0	0	0	0
TK06	0.01694915254237288	0	0	0	0	2.23728813559322	0	0	0	0.00847457627118644	0	0	0	0	0	0	0	0	0	0.025423728813559324	0	0.00847457627118644	0	0	0	0	0	0	0	0	0	0	0	0	0	0	0	0	0	0	0	0.5	0	0	0	0	0.9491525423728814	0.9152542372881356	0	0	0	0	0	0.00847457627118644	0	0	0	0	0	0	0	0	0	0	0	0
Rubrobacteraceae	0.3617021276595745	0	0.02127659574468085	0	0	3.6382978723404253	0	0	0	0	0	0	0	0	0	0	0	0	1.851063829787234	0.3617021276595745	0	0	0	0	0	0	0.02127659574468085	0	0	0	0	0	0	0	0	0	0.02127659574468085	0	0	0.0425531914893617	0	0.02127659574468085	0	0	0	0	0.10638297872340426	0.10638297872340426	0	0	0	0	0	0.2978723404255319	0	0	0	0	0	0	0	0	0	0	0	0
70-9	0.1044776119402985	0	0	0	0	1.7313432835820894	0	0	0	0	0	0	0	0	0	0	0	0	0	0.23880597014925373	0	0	0	0	0	0	0	0	0	0	0	0	0	0	0	0	0	0	0.014925373134328358	0	0	0.04477611940298507	0	0	0.014925373134328358	0	0.208955223880597	0.04477611940298507	0	0	0	0	0	0	0	0	0	0	0.1044776119402985	0.11940298507462686	0.04477611940298507	0	0	0	0	0
JAAYBP01	0	0	0	0	0	4.375	0	0	0	0.0625	0	0	0	0	0	0	0	0	0.0625	0.0625	0	0	0	0	0	0	0	0	0	0	0	0	0	0	0.0625	0	0	0	0	0.0625	0	0.375	0	0	0	0	0.25	0.0625	0	0	0	0	0	0.1875	0	0	0	0	0	0.125	0	0	0	0	0	0
JABEUL01	0	0	0	0	0	4.6	0	0	0	0	0	0	0	0	0	0	0	0	0	0	0	0	0	0	0	0	0	0	0	0	0	0	0	0	0	0	0	0	0	0	0	0.6	0	0	0	0	0.2	0	0	0	0	0	0	0	0	0	0	0	0	0	0	0	0	0	0	0
UMGS124	0	0	0	0	0	2.823529411764706	0	0	0	0	0	0	0	0	0	0	0	0	0.9411764705882353	0.058823529411764705	0	0	0	0	0	0	0	0	0	0	0	0	0	0	0	0	0	0	0	0	0	0.7058823529411765	0	0	0	0	0	0	0	0	0	0	0	0	0	0	0	0	0.058823529411764705	0.058823529411764705	0	0	0	0	0	0
UBA10347	1	0	0	0	0	5.8	0	0	0	0	0	0	0	0	0	0	0	0	0	0	0	0	0	0	0	0	0	0	0	0	0	0	0	0	0	0	0	0	0	0	0	0	0	0	0	0	1	1	0	0	0	0	0	0	0	0	0	0	0	0	0	0	0	0	0	0
JACDCH01	0.3333333333333333	0	0	0	0	4.888888888888889	0	0	0	0.2222222222222222	0	0	0	0	0	0	0	0	0.1111111111111111	0.2222222222222222	0	0	0	0	0	0	0	0	0	0	0	0	0	0	0	0	0	0	0	0	0	0	0	0	0	0	0.5555555555555556	0.2222222222222222	0	0	0	0	0	0	0	0	0	0	0	0	0	0	0	0	0	0
Palsa-688	0.06818181818181818	0	0	0	0	3.0454545454545454	0	0	0	0.13636363636363635	0	0	0	0	0	0	0	0	0.13636363636363635	0.20454545454545456	0	0	0	0	0	0	0	0	0	0	0	0	0	0	0	0	0	0	0	0	0	0.5909090909090909	0	0	0	0	0.3181818181818182	0.25	0	0	0	0	0	0.11363636363636363	0	0	0	0	0	0.11363636363636363	0.022727272727272728	0	0	0	0	0
Bog-793	0	0	0	0	0	2.361904761904762	0	0	0	0	0	0	0	0	0	0	0	0	0.009523809523809525	0.0380952380952381	0	0	0	0	0	0	0	0	0	0	0	0	0	0	0	0	0	0	0	0	0	0.6	0	0	0	0	0.0761904761904762	0.01904761904761905	0	0	0	0	0	0	0	0	0	0	0	0	0	0	0	0	0	0
UBA5794	0.029411764705882353	0	0	0	0	2.8529411764705883	0	0	0	0.029411764705882353	0	0	0	0	0	0	0	0	0	0.4411764705882353	0	0	0	0	0	0	0	0	0	0	0	0	0	0	0	0	0	0	0	0	0	0.058823529411764705	0	0	0	0	0.6470588235294118	0.47058823529411764	0	0	0	0	0	0.17647058823529413	0	0	0	0	0	0	0	0	0	0	0	0
Kineococcaceae	0.5	0.1	0	0	0	2.9	0	0	0	0.9	0	0	0	0	0	0	0	0	1.4	0	0.1	0	0	0	0	0	0	0	0	0	0	0	0	0	0	0	0	0	0	0.1	0.3	0.7	0	0	0	0	0	0	0	0	0	0	0	0.1	0	0	0	0	0	0.1	0	0	0	0	0	0
Nakamurellaceae	0.11764705882352941	0	0	0	0	3.823529411764706	0	0	0	0.23529411764705882	0	0	0	0	0	0.11764705882352941	0	0	0.35294117647058826	0	0	0	0	0	0	0	0	0	0	0	0	0	0	0	0	0	0	0	0	0.47058823529411764	0	0.8235294117647058	0	0	0	0	0.5294117647058824	0.058823529411764705	0	0	0	0	0	0.47058823529411764	0	0	0	0	0	0	0	0	0	0	0	0
Beutenbergiaceae	0.03125	0	0	0	0	3.59375	0	0	0	0.34375	0	0	0	0	0	0.1875	0.1875	0	0.53125	0.09375	0	0	0	0	0	0	0.03125	0	0	0	0	0	0	0	0	0	0	0	0	0.09375	0	0	0	0	0	0	0.21875	0	0	0	0	0	0	0.09375	0	0	0	0	0.0625	0.375	0	0	0	0	0	0
Microtrichaceae	0	0.009174311926605505	0	0	0	1.8807339449541285	0	0	0	0.3302752293577982	0	0	0	0	0	0	0	0	0	0.01834862385321101	0	0.01834862385321101	0	0	0	0	0	0	0	0	0	0	0	0	0	0	0.009174311926605505	0	0	0	0	0.027522935779816515	0	0	0	0	0.11009174311926606	0.08256880733944955	0	0	0	0	0	0.045871559633027525	0	0	0	0	0	0.045871559633027525	0.027522935779816515	0	0	0	0	0
Egibacteraceae	0.13043478260869565	0	0	0	0	1.1304347826086956	0	0	0	0	0	0	0	0	0	0	0	0	0.08695652173913043	0.2608695652173913	0	0	0	0	0	0	0	0	0	0	0	0	0	0	0	0	0	0	0	0	0	0	0	0	0	0	0.17391304347826086	0.13043478260869565	0	0	0	0	0	0	0	0	0	0	0	0	0	0	0	0	0	0
Bin134	0	0	0	0	0	3.35	0	0	0	0	0	0	0	0	0	0	0	0	0	0.675	0	0	0	0	0	0	0	0	0	0	0	0	0	0	0	0	0	0	0	0	0	0.35	0	0	0	0	0.125	0.15	0	0	0	0	0	0	0	0	0	0	0	0	0	0	0	0	0	0
WLNW01	0	0	0	0	0	2.8	0	0	0	1	0	0	0	0	0	0	0	0	0	0	0	0	0	0	0	0	0	0	0	0	0	0	0	0	0	0	0	0	0	0	0	0	0	0	0	0	0	0.6	0	0	0	0	0	1	0	0	0	0	0	0	0	0	0	0	0	0
Demequinaceae	0	0	0	0	0	1.6666666666666667	0	0	0	0	0	0	0	0	0	0.0196078431372549	0	0	0.0392156862745098	0.0196078431372549	0	0	0	0	0	0	0	0	0	0	0	0	0	0	0	0	0	0	0	0.0392156862745098	0	0	0	0	0	0	0	0	0	0	0	0	0	0.0392156862745098	0	0	0	0	0	0	0	0	0	0	0	0
Jiangellaceae	0.32	0	0	0	0	6.24	0	0	0	0.76	0	0	0	0	0	0	0.88	0	3.72	0.28	0	0	0	0	0	0	0	0	0	0	0.64	0	0	0	0	0	0	0	0	0	0.2	0.96	0	0	0	0.2	0.36	0.52	0	0	0	0	0	0	0	0	0	0	0.48	0.64	0.4	0	0	0	0	0
UBA11606	0.01282051282051282	0	0	0	0	1.8461538461538463	0	0	0	0.038461538461538464	0	0	0	0	0	0	0	0	0	0.24358974358974358	0	0.01282051282051282	0	0	0	0	0	0	0	0	0	0	0	0	0	0	0	0	0	0	0	0.01282051282051282	0	0	0	0	0.24358974358974358	0.0641025641025641	0	0	0	0	0	0	0	0	0	0	0	0	0	0	0	0	0	0
Kineosporiaceae	0.3076923076923077	0	0	0	0	4.230769230769231	0	0	0	0.5384615384615384	0	0	0	0	0	0	0	0	0.9230769230769231	0.07692307692307693	0	0	0	0	0	0	0	0	0	0	0	0	0	0	0	0	0	0	0	0.46153846153846156	0.38461538461538464	0.15384615384615385	0	0	0	0	0.7692307692307693	0.15384615384615385	0	0	0	0	0	0.46153846153846156	0	0	0	0	0	0.07692307692307693	0	0	0	0.07692307692307693	0.15384615384615385	0
Actinomarinaceae	0	0	0	0	0	0.8263888888888888	0	0	0	0	0	0	0	0	0	0	0	0	0	0	0	0	0	0	0	0	0	0	0	0	0	0	0	0	0	0	0	0	0	0	0	0.006944444444444444	0	0	0	0	0	0	0	0	0	0	0	0	0	0	0	0	0	0	0	0	0	0	0	0
ZC4RG35	0	0	0	0	0	1.853658536585366	0	0	0	0.024390243902439025	0	0	0	0	0	0	0	0	0.34146341463414637	0.2926829268292683	0	0	0	0	0	0	0	0	0	0	0	0	0	0	0	0	0	0	0	0	0	0	0	0	0	0	0.4146341463414634	0.2682926829268293	0	0	0	0	0	0.14634146341463414	0	0	0	0	0.024390243902439025	0.024390243902439025	0	0	0	0	0	0
SZUA-35	0.3157894736842105	0	0	0	0	2.789473684210526	0	0	0	0.631578947368421	0	0	0	0	0	0	0	0	0	0	0	0.15789473684210525	0	0	0	0	0	0	0	0	0	0	0	0	0	0	0	0	0	0	0	0.05263157894736842	0	0	0	0	0.7894736842105263	0.3157894736842105	0	0	0	0	0	0.05263157894736842	0	0	0	0	0.05263157894736842	0	0	0	0	0	0	0
Anoxymicrobiaceae	0	0	0	0	0	0	0	0	0	0	0	0	0	0	0	0	0	0	0.09523809523809523	1.5238095238095237	0	0.047619047619047616	0	0	0	0	0	0	0	0	0	0	0	0	0	0	0	0	0	0	0	0	0	0	0	0	0.047619047619047616	0	0	0	0	0	0	0	0	0	0	0	0.047619047619047616	0	0	0	0	0	0	0
RBG-16-64-13	0.05	0.1	0	0	0	1.95	0	0	0	0	0	0	0	0	0	0	0	0	0	0.1	0	0	0	0	0	0	0	0	0	0	0	0	0	0	0	0	0	0.05	0	0	0	0	0	0	0	0	0.5	0.2	0	0	0	0	0	0	0	0	0	0	0	0	0	0	0	0	0	0
UBA2241	0.037037037037037035	0	0	0	0	2.962962962962963	0	0	0	0	0	0	0	0	0	0	0	0	1.3333333333333333	0.7777777777777778	0	0	0	0	0	0	0	0	0	0	0	0	0	0	0	0	0	0	0	0	0	0.037037037037037035	0	0	0	0	0.6296296296296297	0.18518518518518517	0	0	0	0	0	0	0	0	0	0	0	0	0	0	0	0	0	0
Aquicultoraceae	0.06666666666666667	0.06666666666666667	0	0	0	0.6666666666666666	0	0	0	0	0	0	0	0	0	0	0	0	0	0.7333333333333333	0	0	0	0	0	0	0	0	0	0	0	0	0	0	0	0	0	0	0.06666666666666667	0	0	0	0	0	0.06666666666666667	0	0.6	0	0	0	0	0	0	0	0	0	0	0	0	0	0	0	0	0	0	0
UBA4744	0.1111111111111111	0	0	0	0	2.2222222222222223	0	0	0	0	0	0	0	0	0	0	0	0	0	0.6666666666666666	0	0	0	0	0	0	0	0	0	0	0	0	0	0	0	0	0	0	0	0	0	0.1111111111111111	0	0	0	0	0.7777777777777778	0.8888888888888888	0	0	0	0	0	0	0	0	0	0	0	0	0	0	0	0	0	0
Cryptosporangiaceae	1.3333333333333333	0	0	0	0	8	0	0	0	0	0	0	0	0	0	0	0.6666666666666666	0	0.6666666666666666	1	0	0	0	0	0	0	0.3333333333333333	0	0	0	0	0	0	0	0	0	0	0	0	0.6666666666666666	0.3333333333333333	1	0	0	0	0	2.6666666666666665	2.3333333333333335	0	0	0	0	0	0.6666666666666666	0	0	0	0	0.3333333333333333	1	1	0	0	0	0	0
BMS3ABIN01	0	0	0.04	0	0	0	0	0	0	0	0	0	0	0	0	0	0	0	0.28	0.08	0	0	0	0	0	0	0	0	0	0	0	0	0	0	0	0	0	0	0	0	0	0	0	0	0	0	0	0	0	0	0	0	0	0	0	0	0	0	0	0	0	0	0	0	0	0
Kribbellaceae	0.868421052631579	0	0	0	0	4.894736842105263	0	0	0	2.0789473684210527	0	0	0	0	0	0	2.1842105263157894	0	2.289473684210526	1.368421052631579	0	0	0	0	0	0	0	0	0	0	0	0	0	0	0	0	0	0	0	0	0.21052631578947367	0.02631578947368421	0	0	0	0	2.236842105263158	1.236842105263158	0	0	0	0	0	0	0	0	0	0	0.23684210526315788	0.9210526315789473	0.6578947368421053	0	0	0.3157894736842105	0	0
Frankiaceae	0.011627906976744186	0.011627906976744186	0	0	0	4.104651162790698	0	0	0	0.18604651162790697	0	0	0	0	0	0	0	0	0.11627906976744186	0.7790697674418605	0	0	0	0	0	0	0.05813953488372093	0	0	0	0.023255813953488372	0	0	0	0	0	0	0	0	0	0	1.0232558139534884	0	0	0	0	0.6976744186046512	0.313953488372093	0	0	0	0	0	0	0	0	0	0	0.10465116279069768	0.11627906976744186	0.1511627906976744	0	0	0	0	0.2558139534883721
UBA8592	0	0	0	0	0	1.830188679245283	0	0	0	0	0	0	0	0	0	0	0	0	0	0.1320754716981132	0	0	0	0	0	0	0	0	0	0	0	0	0	0	0	0	0	0	0	0	0	0.018867924528301886	0	0	0	0	0.1320754716981132	0.03773584905660377	0	0	0	0	0	0	0	0	0	0	0	0	0	0	0	0	0	0
AC-14	0.2	0	0	0	0	3.2	0	0	0	0.1	0	0	0	0	0	0	0	0	0	0	0	0	0	0	0	0	0	0	0	0	0	0	0	0	0	0	0	0	0	0	0	0.7	0	0	0	0	0.6	0.4	0	0	0	0	0	0.4	0	0	0	0	0	0.4	0	0	0	0	0	0
SKUG01	0	0	0	0	0	2	0	0	0	0	0	0	0	0	0	0	0	0	0	0.5	0	0	0	0	0	0	0	0	0	0	0	0	0	0	0	0	0	0	0	0	0	0	0	0	0	0	0	0	0	0	0	0	0	0	0	0	0	0	0	0	0	0	0	0	0	0
SHLQ01	0.14285714285714285	0	0	0	0	2.5714285714285716	0	0	0	0.2857142857142857	0	0	0	0	0	0	0	0	0	0.2857142857142857	0	0.2857142857142857	0	0	0	0	0	0	0	0	0	0	0	0	0	0	0	0	0	0	0	0	0	0	0	0	0.42857142857142855	0	0	0	0	0	0	0	0	0	0	0	0	0	0	0	0	0	0	0
DYIV01	1	0	0	0	0	0	0	0	0	0	0	0	0	0	0	0	0	0	0	0	0	0	0	0	0	0	0	0	0	0	0	0	0	0	0	0	0	0	0	0	0	0	0	0	0	0	0	0	0	0	0	0	0	0	0	0	0	0	0	0	0	0	0	0	0	0
Acidimicrobiaceae	0	0	0	0	0	1.5901639344262295	0	0	0	0.08196721311475409	0	0	0	0	0	0	0	0	0.04918032786885246	0.04918032786885246	0	0	0	0	0	0	0	0	0	0	0	0	0	0	0	0	0	0	0	0	0	0.639344262295082	0	0	0	0	0.47540983606557374	0.2786885245901639	0	0	0	0	0	0	0	0	0	0	0	0	0	0	0	0	0	0
UBA8190	0.2857142857142857	0	0	0	0	1.6666666666666667	0	0	0	0	0	0	0	0	0	0	0	0	0	0	0	0	0	0	0	0	0	0	0	0	0	0	0	0	0	0	0	0	0	0	0	0.14285714285714285	0	0	0	0	0.6666666666666666	0.09523809523809523	0	0	0	0	0	0.047619047619047616	0	0	0	0	0	0	0	0	0	0	0	0
JACDBD01	0	0	0	0	0	3	0	0	0	0	0	0	0	0	0	0	0	0	0	0	0	0	0	0	0	0	0	0	0	0	0	0	0	0	0	0	0	0	0	0	0	0	0	0	0	0	2	1	0	0	0	0	0	0	0	0	0	0	0	0	0	0	0	0	0	0
Actinopolymorphaceae	2.111111111111111	0	0	0	0	10.555555555555555	0	0	0	0.6666666666666666	0	0	0	0	0	0.1111111111111111	0	0	2.5555555555555554	2.7777777777777777	0	0	0	0	0	0	0	0	0	0	0.5555555555555556	0	0	0	0	0	0	0	0	0	0	2.3333333333333335	0	0	0	0	1.6666666666666667	1.2222222222222223	0	0	0	0	0	0	0	0	0	0	0.6666666666666666	0.7777777777777778	0.6666666666666666	0	0	0	0	0
SZUA-232	0	0	0	0	0	1.3333333333333333	0	0	0	0	0	0	0	0	0	0	0	0	0	0.13333333333333333	0	0	0	0	0	0	0	0	0	0	0	0	0	0	0	0	0	0	0	0	0	0	0	0	0	0	0.6666666666666666	0.6666666666666666	0	0	0	0	0	0	0	0	0	0	0	0	0	0	0	0	0	0
UBA3086	0	0	0	0	0	1	0	0	0	0	0	0	0	0	0	0	0	0	0	0	0	0	0	0	0	0	0	0	0	0	0	0	0	0	0	0	0	0	0	0	0	0	0	0	0	0	0	0	0	0	0	0	0	1	0	0	0	0	0	0	0	0	0	0	0	0
CAIKAW01	0	0	0	0	0	1.7142857142857142	0	0	0	0	0	0	0	0	0	0	0	0	0	0	0	0	0	0	0	0	0	0	0	0	0	0	0	0	0	0	0	0	0	0	0	0	0	0	0	0	0	0	0	0	0	0	0	0	0	0	0	0	0	0	0	0	0	0	0	0
JAFAQI01	0	0	0	0	0	1	0	0	0	0	0	0	0	0	0	0	0	0	0	0	0	0	0	0	0	0	0	0	0	0	0	0	0	0	0	0	0	0	0	0	0	0	0	0	0	0	0	0	0	0	0	0	0	0	0	0	0	0	0	0	0	0	0	0	0	0
JAHEDJ01	0	0	0	0	0	3	0	0	0	0	0	0	0	0	0	0	0	0	0	1.5	0	0	0	0	0	0	0	0	0	0	0	0	0	0	0	0	0	0	0	0	0	0	0	0	0	0	1	0.5	0	0	0	0	0	0	0	0	0	0	0	0	0	0	0	0	0	0
WQUG01	0	0	0	0	0	1.9	0	0	0	0	0	0	0	0	0	0	0	0	0	0	0	0	0	0	0	0	0	0	0	0	0	0	0	0	0	0	0	0	0	0	0	0	0	0	0	0	0	0	0	0	0	0	0	0	0	0	0	0	0	0	0	0	0	0	0	0
UBA8131	0	0	0	0	0	1.8571428571428572	0	0	0.07142857142857142	0	0	0	0	0	0	0	0	0	0.07142857142857142	0.21428571428571427	0	0	0	0	0	0	0	0	0	0	0	0	0	0	0	0	0	0	0	0	0	0	0	0	0	0	0	0	0	0	0	0	0	0	0	0	0	0	0.21428571428571427	0.2857142857142857	0	0.35714285714285715	0	0	0	0
PALSA-610	0.4	0	0	0	0	4.1	0	0	0	0	0	0	0	0	0	0	0	0	0.4	0.5	0	0	0	0	0	0	0	0	0	0	0	0	0	0	0	0	0	0	0	0	0	0.9	0	0	0	0	1	0	0	0	0	0	0	0	0	0	0	0	0	0	0	0	0	0	0	0
GCA-2699445	0	0	0	0	0	2.5	0	0	0	0	0	0	0	0	0	0	0	0	0	0	0	0	0	0	0	0	0	0	0	0	0	0	0	0	0	0	0	0	0	0	0	0	0	0	0	0	0	0	0	0	0	0	0	0	0	0	0	0	0	0	0	0	0	0	0	0
AC-67	0	0	0	0	0	0.6	0	0	0	0	0	0	0	0	0	0	0	0	0	0	0	0	0	0	0	0	0	0	0	0	0	0	0	0	0	0	0	0	0	0	0	0	0	0	0	0	0	0	0	0	0	0	0	0	0	0	0	0	0	0	0	0	0	0	0	0
UBA4738	0.3	0	0	0	0	0.6	0	0	0	0	0	0	0	0	0	0	0	0	0	0.2	0	0	0	0	0	0	0	0	0	0	0	0	0	0	0	0	0	0	0	0	0	0	0	0	0	0	0.3	0.3	0	0	0	0	0	0	0	0	0	0	0	0	0	0	0	0	0	0
CADCSY01	0.047619047619047616	0	0	0	0	3.142857142857143	0	0	0	0.14285714285714285	0	0	0	0	0	0	0	0	0	0.09523809523809523	0	0	0	0	0	0	0	0	0	0	0	0	0	0	0	0	0	0	0	0	0	0	0	0	0	0	0.09523809523809523	0.09523809523809523	0	0	0	0	0	0.14285714285714285	0	0	0	0	0	0.047619047619047616	0	0	0	0	0	0
Quadrisphaeraceae	0	0	0	0	0	2.8461538461538463	0	0	0	0.5384615384615384	0	0	0	0	0	0	0	0	0.46153846153846156	0.15384615384615385	0	0	0	0	0	0	0	0	0	0	0	0	0	0	0	0	0	0	0	0.5384615384615384	0.15384615384615385	0	0	0	0	0	0.23076923076923078	0.15384615384615385	0	0	0	0	0	0.6153846153846154	0	0	0	0	0	0	0	0	0	0	0	0
JAFATL01	0	0	0	0	0	1	0	0	0	0	0	0	0	0	0	0	0	0	1	0	0	0	0	0	0	0	0	0	0	0	0	0	0	0	0	0	0	0	0	0	0	0	0	0	0	0	0	0	0	0	0	0	0	1	0	0	0	0	0	0	0	0	0	0	0	0
PALSA-555	0	0	0	0	0	2.857142857142857	0	0	0	0	0	0	0	0	0	0	0	0	0.047619047619047616	0.6666666666666666	0	0	0	0	0	0	0	0	0	0	0	0	0	0	0	0	0	0	0	0	0	0	0	0	0	0	0.9523809523809523	0	0	0	0	0	0	0	0	0	0	0	0	0	0	0	0	0	0	0
SKKL01	0	0	0	0	0	7	0	0	0	1	0	0	0	0	0	0	0	0	0	0	0	0	0	0	0	0	0	0	0	0	0	0	0	0	0	0	0	0	0	0	0	0.3333333333333333	0	0	0	0	1	0	0	0	0	0	0	0	0	0	0	0	0	0	0	0	0	0	0	0
Catenulisporaceae	0.46153846153846156	0	0	0	0	6.076923076923077	0	0	0	0.7692307692307693	0	0	0	0	0	0	0.15384615384615385	0	2	1.3846153846153846	0	0	0	0	0	0	0.6153846153846154	0	0	0	0	0	0	0	0	0	0	0	0	0.07692307692307693	0.07692307692307693	1.5384615384615385	0	0	0	0	1.6153846153846154	0.6153846153846154	0	0	0	0	0	0.07692307692307693	0	0	0	0	0.5384615384615384	0.5384615384615384	0.5384615384615384	0	0	0	0	0
JACDEA01	0	0	0	0	0	2.5	0	0	0	0.5	0	0	0	0	0	0	0	0	0	0	0	0	0	0	0	0	0	0	0	0	0	0	0	0	0	0	0	0	0	0	0	0.5	0	0	0	0	0.5	0.5	0	0	0	0	0	0	0	0	0	0	0	0.5	0	0	0	0	0	0
SHLN01	0.06666666666666667	0	0	0	0	3.066666666666667	0	0	0	0.06666666666666667	0	0	0	0	0	0	0	0	0	0.4666666666666667	0	0	0	0	0	0	0	0	0	0	0	0	0	0	0	0	0	0	0	0	0	0	0	0	0	0	0.7333333333333333	0.6	0	0	0	0	0	0	0	0	0	0	0	0	0	0	0	0	0	0
JADGOU01	0	0	0	0	0	4	0	0	0	0	0	0	0	0	0	0	0	0	0	0	0	0	0	0	0	0	0	0	0	0	0	0	0	0	0	0	0	0	0	0	0	0	0	0	0	0	1	0	0	0	0	0	0	0	0	0	0	0	0	0	0	0	0	0	0	0
JAGNEX01	0	0	0	0	0	2.75	0	0	0	0	0	0	0	0	0	0	0	0	0	0	0	0	0	0	0	0	0	0	0	0	0	0	0	0	0	0	0	0	0	0	0	0	0	0	0	0	0	0	0	0	0	0	0	0	0	0	0	0	0	0	0	0	0	0	0	0
JAKAOS01	0.4	0	0	0	0	1.4	0	0	0	0	0	0	0	0	0	0	0	0	0	0	0	0	0	0	0	0	0	0	0	0	0	0	0	0	0	0	0	0	0	0	0	0.2	0	0	0	0	0	0	0	0	0	0	0	0	0	0	0	0	0	0.2	0	0	0	0	0	0
QAMH01	0	0	0	0	0	1.565217391304348	0	0	0	0	0	0	0	0	0	0	0	0	0.30434782608695654	0.8260869565217391	0	0	0	0	0	0	0	0	0	0	0	0	0	0	0	0	0	0	0	0	0	0.13043478260869565	0	0	0	0	0.043478260869565216	0	0	0	0	0	0	0	0	0	0	0	0	0.5217391304347826	0	0	0	0	0	0
GCA-002748415	0	0	0	0	0	1.5	0	0	0	0	0	0	0	0	0	0	0	0	0	0	0	0	0	0	0	0	0	0	0	0	0	0	0	0	0	0	0	0	0	0	0	0	0	0	0	0	0	0	0	0	0	0	0	0	0	0	0	0	0	0	0	0	0	0	0	0
WHSQ01	0.16666666666666666	0	0	0	0	1.75	0	0	0	0.08333333333333333	0	0	0	0	0	0	0	0	0	0.25	0	0	0	0	0	0	0	0	0	0	0	0	0	0	0	0	0	0	0	0	0	0	0	0	0	0	0.08333333333333333	0.08333333333333333	0	0	0	0	0	0	0	0	0	0	0.08333333333333333	0.08333333333333333	0	0	0	0	0	0
JAHWKY01	0	0	0	0	0	3	0	0	0	0	0	0	0	0	0	0	0	0	0	1	0	0	0	0	0	0	0	0	0	0	0	0	0	0	0	0	0	0	0	0	0	0	0	0	0	0	1	0	0	0	0	0	0	0	0	0	0	0	0	0	0	0	0	0	0	0
GCA-2861595	0.3333333333333333	0	0	0	0	2	0	0	0	0	0	0	0	0	0	0	0	0	0	0	0	0	0	0	0	0	0	0	0	0	0	0	0	0	0	0	0	0	0	0	0	0.6666666666666666	0	0	0	0	0	0	0	0	0	0	0	0.3333333333333333	0	0	0	0	0	0	0	0	0	0	0	0
CADBOM01	0	0	0	0	0	1.3333333333333333	0	0	0	0	0	0	0	0	0	0	0	0	0	0.6666666666666666	0	0	0	0	0	0	0	0	0	0	0	0	0	0	0	0	0	0	0	0	0	0	0	0	0	0	0.6666666666666666	0	0	0	0	0	0	0	0	0	0	0	0	0	0	0.3333333333333333	0	0	0	0
JAMDDV01	0	0	0	0	0	0	0	0	0	0	0	0	0	0	0	0	0	0	0	0	0	0	0	0	0	0	0	0	0	0	0	0	0	0	0	0	0	0	0	0	0	0	0	0	0	0	0	0	0	0	0	0	0	0	0	0	0	0	0	0	0	0	0	0	0	0
JACPNS01	0	0	0	0	0	1.8571428571428572	0	0	0	0	0	0	0	0	0	0	0	0	0	0	0	0	0	0	0	0	0	0	0	0	0	0	0	0	0	0	0	0	0	0	0	0	0	0	0	0	0.42857142857142855	0.14285714285714285	0	0	0	0	0	0	0	0	0	0	0	0	0	0	0	0	0	0
UBA912	0	0	0	0	0	2	0	0	0	0	0	0	0	0	0	0	0	0	0	0	0	0	0	0	0	0	0	0	0	0	0	0	0	0	0	0	0	0	0	0	0	0	0	0	0	0	0	0	0	0	0	0	0	0	0	0	0	0	0	0	0	0	0	0	0	0
JAAEMS01	0	0	0	0	0	5	0	0	0	2	0	0	0	0	0	0	0	0	0	0.3333333333333333	0	0	0	0	0	0	0	0	0	0	0	0	0	0	0	0	0	0	0	0	0	0	0	0	0	0	1	1	0	0	0	0	0	1	0	0	0	0	0	0	0	0	0	0	0	0
RBG-13-55-18	0	0	0	0	0	0	0	0	0	0	0	0	0	0	0	0	0	0	0.23529411764705882	1.8235294117647058	0	0	0	0	0	0	0	0	0	0	0	0	0	0	0	0	0	0	0	0	0	0	0	0	0	0	0.058823529411764705	0	0	0	0	0	0	0	0	0	0	0	0.6470588235294118	0	0	0	0	0	0	0
D1FN1-002	0	0	0	0	0	0.5	0	0	0	0	0	0	0	0	0	0	0	0	0	0	0	0	0	0	0	0	0	0	0	0	0	0	0	0	0	0	0	0	0	0	0	0	0	0	0	0	0	0	0	0	0	0	0	0	0	0	0	0	0	0	0	0	0	0	0	0
RUG033	0	0	0	0	0	1.3333333333333333	0	0	0	0	0	0	0	0	0	0	0	0	0.6666666666666666	0.3333333333333333	0	0	0	0	0	0	0	0	0	0	0	0	0	0	0	0	0	0	0	0	0	0	0	0	0	0	0	0	0	0	0	0	0	0	0	0	0	0	0	0	0	0.6666666666666666	0	0	0	0
Motilibacteraceae	0	0	0	0	0	3.8	0	0	0	0.2	0	0	0	0	0	0	0	0	0.2	0.4	0	0	0	0	0	0	0	0	0	0	0	0	0	0	0	0	0	0	0	0.6	0	0.4	0	0	0	0	0.4	0.2	0	0	0	0	0	0.6	0	0	0	0	0	0	0	0	0	0	0	0
UBA11373	0	0	0	0	0	1.2	0	0	0	0	0	0	0	0	0	0	0	0	0	0.8	0	0	0	0	0	0	0	0	0	0	0	0	0	0	0	0	0	0	0	0	0	0	0	0	0	0	2.1	1.4	0	0	0	0	0	0.2	0	0	0	0	0	0	0	0	0	0	0	0
SLCP01	0	0.3	0	0	0	1.8	0	0	0	0	0	0	0	0	0	0	0	0	0	0	0	0	0	0	0	0	0	0	0	0	0	0	0	0	0	0	0	0	0	0	0	0	0	0	0	0	0	0	0	0	0	0	0	0.2	0	0	0	0	0	0	0	0	0	0	0	0
JAHWLA01	0	0	0	0	0	4	0	0	0	0	0	0	0	0	0	0	0	0	0	0	0	0	0	0	0	0	0	0	0	0	0	0	0	0	0	0	0	0	0	0	0	2	0	0	0	0	1	0	0	0	0	0	0	1	0	0	0	0	0	0	0	0	0	0	0	0
Acidothermaceae	0	0	0	0	0	0.8	0	0	0	0	0	0	0	0	0	0	0	0	0	0.2	0	0	0	0	0	0	0	0	0	0	0	0	0	0	0	0	0	0	0	0	0	0	0	0	0	0	0.2	0	0	0	0	0	0	0	0	0	0	0	0	0	0	0	0	0	0	0
JAHRAM01	0	0	0	0	0	1	0	0	0	0	0	0	0	0	0	0	0	0	0	1	0	0	0	0	0	0	0	0	0	0	0	0	0	0	0	0	0	0	0	0	0	0	0	0	0	0	0	0	0	0	0	0	0	0	0	0	0	0	0	0	0	0	0	0	0	0
Geothermincolaceae	0	0	0	0	0	0	0	0	0	0	0	0	0	0	0	0	0	0	0.3333333333333333	2	0	0	0	0	0	0	0	0	0	0	0	0	0	0	0	0	0	0	0	0	0	0	0	0	0	0	0	0	0	0	0	0	0	0	0	0	0	0	0.3333333333333333	0.3333333333333333	0	0	0	0	0	0
HRBIN12	0	0	0	0	0	0.8	0	0	0	0	0	0	0	0	0	0	0	0	0	0.06666666666666667	0	0	0	0	0	0	0	0	0	0	0	0	0	0	0	0	0	0	0	0	0	0	0	0	0	0	0	0	0	0	0	0	0	0	0	0	0	0	0	0.06666666666666667	0	0	0	0	0	0
CADCTF01	0	0	0	0	0	6	0	0	0	0.25	0	0	0	0	0	0	0	0	0.25	0	0	0	0	0	0	0	0	0	0	0	0	0	0	0	0	0	0	0	0	0	0.25	0.25	0	0	0	0	0.25	0.25	0	0	0	0	0	0.75	0	0	0	0	0	0	0	0	0	0	0	0
UBA10799	0	0	0	0	0	1.3076923076923077	0	0	0	0	0	0	0	0	0	0	0	0	0	0.15384615384615385	0	0	0	0	0	0	0	0	0	0	0	0	0	0	0	0	0	0	0	0	0	0	0	0	0	0	0	0	0	0	0	0	0	0	0	0	0	0	0	0	0	0	0	0	0	0
JAMDDE01	0	0	0	0	0	1	0	0	0	0	0	0	0	0	0	0	0	0	0	0	0	0	0	0	0	0	0	0	0	0	0	0	0	0	0	0	0	0	0	0	0	0	0	0	0	0	0.6666666666666666	0.6666666666666666	0	0	0	0	0	0	0	0	0	0	0	0	0	0	0	0	0	0
Antricoccaceae	0	0	0	0	0	4	0	0	0	0.2	0	0	0	0	0	0	0	0	0.2	0.4	0	0	0	0	0	0	0.2	0	0	0	0	0	0	0	0	0	0	0	0	0	0	0.2	0	0	0	0	2.2	1	0	0	0	0	0	0	0	0	0	0	0	0.2	0	0	0	0	0	0
UBA12327	0	0	0	0	0	1.5833333333333333	0	0	0	0	0	0	0	0	0	0	0	0	0	0.9166666666666666	0	0	0	0	0	0	0	0	0	0	0	0	0	0	0	0	0	0	0	0	0	0	0	0	0	0	0	0	0	0	0	0	0	0	0	0	0	0	0	0	0	0	0	0	0	0
JAHJRV01	0	0	0	0	0	0	0	0	0	0	0	0	0	0	0	0	0	0	0	0.5	0	0	0	0	0	0	0	0	0	0	0	0	0	0	0	0	0	0	0	0	0	0	0	0	0	0	0.5	0.5	0	0	0	0	0	0	0	0	0	0	0	0	0	0	0	0	0	0
JAJZXF01	0	0	0	0	0	0.6666666666666666	0	0	0	0	0	0	0	0	0	0	0	0	0	0.6666666666666666	0	0	0	0	0	0	0	0	0	0	0	0	0	0	0	0	0	0	0	0	0	0	0	0	0	0	0	0	0	0	0	0	0	1	0	0	0	0	0	0	0	0	0	0	0	0
JAENVV01	0	0	0	0	0	3.1666666666666665	0	0	0	0	0	0	0	0	0	0	0	0	0	0.6666666666666666	0	0	0	0	0	0	0	0	0	0	0	0	0	0	0	0	0	0	0	0	0	0.3333333333333333	0	0	0	0	0.5	0.5	0	0	0	0	0	0.16666666666666666	0	0	0	0	0	0	0	0	0	0	0	0
JAEZZM01	0	0	0	0	0	0.5	0	0	0	0	0	0	0	0	0	0	0	0	0	0	0	0	0	0	0	0	0	0	0	0	0	0	0	0	0	0	0	0	0	0	0	0	0	0	0	0	0	0	0	0	0	0	0	0	0	0	0	0	0	0	0	0	0	0	0	0
IMCC26256	0	0	0	0	0	2.6153846153846154	0	0	0	0	0	0	0	0	0	0	0	0	0	0.07692307692307693	0	0	0	0	0	0	0	0	0	0	0	0	0	0	0	0	0	0	0	0	0	0	0	0	0	0	1.0769230769230769	0	0	0	0	0	0	0	0	0	0	0	0	0	0	0	0	0	0	0
JAJZTN01	0	0	0	0	0	2	0	0	0	0	0	0	0	0	0	0	0	0	0	0	0	0	0	0	0	0	0	0	0	0	0	0	0	0	0	0	0	0	0	0	0	0	0	0	0	0	0	0	0	0	0	0	0	0	0	0	0	0	0	0	0	0	0	0	0	0
JAKAVM01	0	0	0	0	0	1.5	0	0	0	0	0	0	0	0	0	0	0	0	0	0.5	0	0	0	0	0	0	0	0	0	0	0	0	0	0	0	0	0	0	0	0	0	0	0	0	0	0	0	0	0	0	0	0	0	0	0	0	0	0	0	0	0	0	0	0	0	0
JAEUJM01	0.3333333333333333	0	0	0	0	2.3333333333333335	0	0	0	0	0	0	0	0	0	0	0	0	0.3333333333333333	0	0	0	0	0	0	0	0	0	0	0	0	0	0	0	0	0	0	0	0	0	0	0	0	0	0	0	1	1	0	0	0	0	0	0	0	0	0	0	0	0	0	0	0	0	0	0
JAHEKZ01	0	0	0	0	0	0.5	0	0	0	0	0	0	0	0	0	0	0	0	0	0	0	0	0	0	0	0	0	0	0	0	0	0	0	0	0	0	0	0	0	0	0	0	0	0	0	0	0	0	0	0	0	0	0	0	0	0	0	0	0	0	0	0	0	0	0	0
Oleimmundimicrobiaceae	0	0	0	0	0	0	0	0	0	0	0	0	0	0	0	0	0	0	0	0.5	0	0	0	0	0	0	0	0	0	0	0	0	0	0	0	0	0	0	0	0	0	0	0	0	0	0	0.5	0	0	0	0	0	0	0	0	0	0	0	0	0	0	0	0	0	0	0
UBA2766	0	0.2	0	0	0	1	0	0	0	0.2	0	0	0	0	0	0	0	0	0	0	0	0	0	0	0	0	0	0	0	0	0	0	0	0	0	0	0	0	0	0	0	0	0	0	0	0	0.4	0	0	0	0	0	0	0	0	0	0	0	0	0	0	0	0	0	0	0
QHCF01	0	0	0	0	0	1	0	0	0	0	0	0	0	0	0	0	0	0	0	0	0	0	0	0	0	0	0	0	0	0	0	0	0	0	0	0	0	0	0	0	0	0	0	0	0	0	0	0	0	0	0	0	0	0	0	0	0	0	0	0	0	0	0	0	0	0
UBA9087	0	0	0	0	0	0	0	0	0	0	0	0	0	0	0	0	0	0	0	0	0	0	0	0	0	0	0	0	0	0	0	0	0	0	0	0	0	0	0	0	0	0	0	0	0	0	0	0	0	0	0	0	0	0	0	0	0	0	0	0	0	0	0	0	0	0
JAMCQF01	0	0	0	0	0	2.3333333333333335	0	0	0	0	0	0	0	0	0	0	0	0	0	0	0	0	0	0	0	0	0	0	0	0	0	0	0	0	0	0	0	0	0	0	0	0.3333333333333333	0	0	0	0	0.6666666666666666	0.6666666666666666	0	0	0	0	0	0	0	0	0	0	0	0	0	0	0	0	0	0
Carbonactinosporaceae	0	0	0	0	0	3	0	0	0	0	0	0	0	0	0	0	0	0	0	0.6666666666666666	0	0	0	0	0	0	0	0	0	0	0	0	0	0	0	0	0	0	0	0	0	0	0	0	0	0	0.6666666666666666	0	0	0	0	0	0	0	0	0	0	0	0	0	0	0	0	0	0	0
WQXJ01	0	0	0	0	0	1	0	0	0	0	0	0	0	0	0	0	0	0	0	0	0	0	0	0	0	0	0	0	0	0	0	0	0	0	0	0	0	0	0	0	0	0	0	0	0	0	0	0	0	0	0	0	0	0	0	0	0	0	0	0	0	0	0	0	0	0
JAMCWL01	0	0	0	0	0	0	0	0	0	0	0	0	0	0	0	0	0	0	1	1	0	0	0	0	0	0	0	0	0	0	0	0	0	0	0	0	0	0	0	0	0	0	0	0	0	0	0	0	0	0	0	0	0	0	0	0	0	0	0	0	0	0	0	0	0	0
SCTD01	0	0	0	0	0	2	0	0	0	0	0	0	0	0	0	0	0	0	0.3333333333333333	0	0	0	0	0	0	0	0	0	0	0	0	0	0	0	0	0	0	0	0	0	0	0	0	0	0	0	0	0	0	0	0	0	0	0	0	0	0	0	0	0	0	0	0	0	0	0
RUG844	0	0	0	0	0	1	0	0	0	0	0	0	0	0	0	0	0	0	0	0	0	0	0	0	0	0	0	0	0	0	0	0	0	0	0	0	0	0	0	0	0	0	0	0	0	0	0	0	0	0	0	0	0	0	0	0	0	0	0	0.25	0	0	0	0	0	0
JAHWKV01	0	0	0	0	0	3.5	0	0	0	0.5	0	0	0	0	0	0	0	0	1	1	0	0	0	0	0	0	0	0	0	0	0	0	0	0	0	0	0	0	0	0	0	0	0	0	0	0	0	0.5	0	0	0	0	0	0	0	0	0	0	0	0	0	0	0	0	0	0
HKI-0501	0	0	0	0	0	3	0	0	0	0	0	0	0	0	0	0	0	0	2.5	1.5	0	0	0	0	0	0	0	0	0	0	0	0	0	0	0	0	0	0	0	0	0	1	0	0	0	0	1.5	0.5	0	0	0	0	0	0	0	0	0	0	0.5	0.5	0.5	0	0	0	0	0
JAMCPL01	0	0	0	0	0	1	0	0	0	0	0	0	0	0	0	0	0	0	0	0	0	0	0	0	0	0	0	0	0	0	0	0	0	0	0	0	0	0	0	0	0	0	0	0	0	0	0	0	0	0	0	0	0	0	0	0	0	0	0	0	0	0	0	0	0	0
Jatrophihabitantaceae	0.125	0	0	0	0	3.25	0	0	0	0.125	0	0	0	0	0	0	0	0	0	0.125	0	0	0	0	0	0	0	0	0	0	0	0	0	0	0	0	0	0	0	0.375	0	0.875	0	0	0	0	0.5	0.125	0	0	0	0	0	0.375	0	0	0	0	0.125	0.125	0	0	0	0	0	0
JAENZW01	0	0	0	0	0	0	0	0	0	0	0	0	0	0	0	0	0	0	0	0	0	0	0	0	0	0	0	0	0	0	0	0	0	0	0	0	0	0	0	0	0	0	0	0	0	0	0	0	0	0	0	0	0	1	0	0	0	0	0	0	0	0	0	0	0	0
JAJYXR01	0	0	0	0	0	2	0	0	0	0	0	0	0	0	0	0	0	0	0	0	0	0	0	0	0	0	0	0	0	0	0	0	0	0	0	0	0	0	0	0	0	1	0	0	0	0	0	0	0	0	0	0	0	0	0	0	0	0	0	0	0	0	0	0	0	0
Subteraquimicrobiaceae	0	0	0	0	0	0	0	0	0	0	0	0	0	0	0	0	0	0	0	1	0	0	0	0	0	0	0	0	0	0	0	0	0	0	0	0	0	0	0	0	0	0	0	0	0	0	0	0	0	0	0	0	0	0	0	0	0	0	0	0	0	0	0	0	0	0
JACQXZ01	0	0	0	0	0	0	0	0	0	0	0	0	0	0	0	0	0	0	0	0	0	0	0	0	0	0	0	0	0	0	0	0	0	0	0	0	0	0	0	0	0	0	0	0	0	0	0	0	0	0	0	0	0	0	0	0	0	0	0	0	0	0	0	0	0	0
JAHWKO01	0	0	0	0	0	1.5	0	0	0	0	0	0	0	0	0	0	0	0	0	0.5	0	0	0	0	0	0	0	0	0	0	0	0	0	0	0	0	0	0	0	0	0	0	0	0	0	0	0	0	0	0	0	0	0	0	0	0	0	0	0	0	0	0	0	0	0	0
WHST01	0	0	0	0	0	3.25	0	0	0	0	0	0	0	0	0	0	0.25	0	1.5	1.5	0	0	0	0	0	0	0	0	0	0	0.25	0	0	0	0	0	0	0	0	0	0	0	0	0	0	0.25	0.5	0	0	0	0	0	0	0	0	0	0	0	0	0.25	0	0	0	0	0	0
JAHEXW01	0	0	0	0	0	1	0	0	0	0	0	0	0	0	0	0	0	0	0	0	0	0	0	0	0	0	0	0	0	0	0	0	0	0	0	0	0	0	0	0	0	0	0	0	0	0	0	0	0	0	0	0	0	0	0	0	0	0	0	0	0	0	0	0	0	0
JAHIQC01	0	1	0	0	0	2	0	0	0	0	0	0	0	0	0	0	0	0	0	0	0	0	0	0	0	0	0	0	0	0	0	0	0	0	0	0	0	0	0	0	0	0	0	0	0	0	0	0	0	0	0	0	0	1	0	0	0	0	0	0	0	0	0	0	0	0
JADGOV01	1	0	0	0	0	0	0	0	0	0	0	0	0	0	0	0	0	0	0	0	0	0	0	0	0	0	0	0	0	0	0	0	0	0	0	0	0	0	0	0	0	0	0	0	0	0	1	1	0	0	0	0	0	0	0	0	0	0	0	0	0	0	0	0	0	0
CAIXPF01	0	0	0	0	0	3.4	0	0	0	0.8	0	0	0	0	0	0	0	0	0	0	0	0	0	0	0	0	0	0	0	0	0	0	0	0	0	0	0	0	0	0	0	0.4	0	0	0	0	0.2	0	0	0	0	0	0	0.2	0	0	0	0	0.2	0.2	0	0	0	0	0	0
Geothermocultoraceae	0	0	0	0	0	0	0	0	0	0	0	0	0	0	0	0	0	0	0	0	0	0	0	0	0	0	0	0	0	0	0	0	0	0	0	0	0	0	0	0	0	0	0	0	0	0	0	0	0	0	0	0	0	0	0	0	0	0	1	0	0	0	0	0	0	0
JAJYRW01	0	0	0	0	0	1	0	0	0	0	0	0	0	0	0	0	0	0	0	0	0	0	0	0	0	0	1	0	0	0	0	0	0	0	0	0	0	0	0	0	0	0	0	0	0	0	0	0	0	0	0	0	0	0	0	0	0	0	0	0	0	0	0	0	0	0
JAGXFU01	0	0	0	0	0	2	0	0	0	0	0	0	0	0	0	0	0	0	0	0	0	0	0	0	0	0	0	0	0	0	0	0	0	0	0	0	0	0	0	0	0	0	0	0	0	0	0	0	0	0	0	0	0	2	0	0	0	0	0	0	0	0	0	0	0	0
JAAXUF01	0	0.5	0	0	0	1	0	0	0	0	0	0	0	0	0	0	0	0	0	0	0	0	0	0	0	0	0	0	0	0	0	0	0	0	0	0	0	0	0	0	0	0	0	0	0	0	0	0	0	0	0	0	0	1	0	0	0	0	0	0	0	0	0	0	0	0
Kmv31	0	0	0	0	0	2	0	0	0	0	0	0	0	0	0	0	0	0	0	0	0	0	0	0	0	0	0	0	0	0	0	0	0	0	0	0	0	0	0	0	0	0	0	0	0	0	0	0	0	0	0	0	0	0	0	0	0	0	0	0	0	0	0	0	0	0
Angustibacteraceae	0	0	0	0	0	1.5	0	0	0	0.5	0	0	0	0	0	0	0	0	0.5	0.5	0	0	0	0	0	0	0	0	0	0	0	0	0	0	0	0	0	0	0	0	0	0	0	0	0	0	0	0	0	0	0	0	0	0	0	0	0	0	0	0	0	0	0	0	0	0
JAKEEW01	1	0	0	0	0	1	0	0	0	0	0	0	0	0	0	0	0	0	1	2	0	0	0	0	0	0	0	0	0	0	0	0	0	0	0	0	0	0	0	0	0	0	0	0	0	0	3	2	0	0	0	0	0	0	0	0	0	0	0	0	0	0	0	0	0	0
SIRW01	0	0	0	0	0	7	0	0	0	0	0	0	0	0	0	0	0	0	0	0	0	0	0	0	0	0	0	0	0	0	0	0	0	0	0	0	0	0	0	0	0	1	0	0	0	0	1	0	0	0	0	0	0	0	0	0	0	0	0	0	0	0	0	0	0	0
CAJVYJ01	0	0	0	0	0	0	0	0	0	0	0	0	0	0	0	0	0	0	0	0	0	0	0	0	0	0	0	0	0	0	0	0	0	0	0	0	0	0	0	0	0	0	0	0	0	0	0	0	0	0	0	0	0	0	0	0	0	0	0	0	0	0	0	0	0	0
VFJJ01	0	0	0	0	0	3	0	0	0	0	0	0	0	0	0	0	0	0	0	0	0	0	0	0	0	0	0	0	0	0	0	0	0	0	0	0	0	0	0	0	0	1	0	0	0	0	0	0	0	0	0	0	0	0	0	0	0	0	0	0	0	0	0	0	0	0
JAJYPT01	0	0	0	0	0	2	0	0	0	0	0	0	0	0	0	0	0	0	0	0	0	0	0	0	0	0	0	0	0	0	0	0	0	0	0	0	0	0	0	0	0	1	0	0	0	0	0	0	0	0	0	0	0	0	0	0	0	0	0	0	0	0	0	0	0	0
JAMXLJ01	0	0	0	0	0	5	0	0	0	1	0	0	0	0	0	0	0	0	0	1	0	0	0	0	0	0	0	0	0	0	0	0	0	0	0	0	0	0	0	0	0	1	0	0	0	0	2	0	0	0	0	0	0	0	0	0	0	0	0	0	0	0	0	0	0	0
CADCTP01	0	0	0	0	0	4	0	0	0	0	0	0	0	0	0	0	0	0	0	2	0	0	0	0	0	0	0	0	0	0	0	0	0	0	0	0	0	0	0	0	0	0	0	0	0	0	3	1	0	0	0	0	0	0	0	0	0	0	0	0	0	0	0	0	0	0
QHCD01	0	0	0	0	0	2	0	0	0	0	0	0	0	0	0	0	0	0	1	1	0	0	0	0	0	0	0	0	0	0	0	0	0	0	0	0	0	0	0	0	0	0	0	0	0	0	1	1	0	0	0	0	0	0	0	0	0	0	0	0	0	0	0	0	0	0
CAJCIY01	1	0	0	0	0	1	0	0	0	0	0	0	0	0	0	0	0	0	0	0	0	0	0	0	0	0	0	0	0	0	0	0	0	0	0	0	0	0	0	0	0	1	0	0	0	0	1	1	0	0	0	0	0	0	0	0	0	0	0	0	0	0	0	0	0	0
Hakubanellaceae	0	0	0.5	0	0	0	0	0	0	0	0	0	0	0	0	0	0	0	0	0	0	0	0	0	0	0	0	0	0	0	0	0	0	0	0	0	0	0	0	0	0	0	0	0	0	0	0	0	0	0	0	0	0	0	0	0	0	0	0	0.25	0	0	0	0	0	0
PALSA-660	0	0	0	0	0	1.3333333333333333	0	0	0	0	0	0	0	0	0	0	0	0	0	0.3333333333333333	0	0	0	0	0	0	0	0	0	0	0	0	0	0	0	0	0	0	0	0	0	0	0	0	0	0	0	0	0	0	0	0	0	0.3333333333333333	0	0	0	0	0	0	0	0	0	0	0	0
JAHEJN01	0	0	0	0	0	4	0	0	0	0	0	0	0	0	0	0	0	0	0	1	0	0	0	0	0	0	0	0	0	0	0	0	0	0	0	0	0	0	0	0	0	0	0	0	0	0	0	0	0	0	0	0	0	1	0	0	0	0	0	0	0	0	0	0	0	0
JADLDD01	0	0	0	0	0	3	0	0	0	0	0	0	0	0	0	0	0	0	0	0	0	0	0	0	0	0	0	0	0	0	0	0	0	0	0	0	0	0	0	0	0	0	0	0	0	0	1	0	0	0	0	0	0	0	0	0	0	0	0	0	0	0	0	0	0	0
PHET01	0	0	0	0	0	2	0	0	0	0	0	0	0	0	0	0	0	0	0	0	0	0	0	0	0	0	0	0	0	0	0	0	0	0	0	0	0	0	0	0	0	0	0	0	0	0	0	0	0	0	0	0	0	0	0	0	0	0	0	0	0	0	0	0	0	0
JAMCPD01	0	0	0	0	0	1	0	0	0	0	0	0	0	0	0	0	0	0	0	1	0	0	0	0	0	0	0	0	0	0	0	0	0	0	0	0	0	0	0	0	0	0	0	0	0	0	0	0	0	0	0	0	0	0	0	0	0	0	0	0	0	0	0	0	0	0
JAJZPX01	0	0	0	0	0	2	0	0	0	0	0	0	0	0	0	0	0	0	0	0	0	0	0	0	0	0	0	0	0	0	0	0	0	0	0	0	0	0	0	0	0	0	0	0	0	0	0	0	0	0	0	0	0	0	0	0	0	0	0	0	0	0	0	0	0	0
QHCE01	0	0	0	0	0	2	0	0	0	0	0	0	0	0	0	0	0	0	0.5	0.5	0	0	0	0	0	0	0	0	0	0	0	0	0	0	0	0	0	0	0	0	0	0	0	0	0	0	0.5	0	0	0	0	0	0	0	0	0	0	0	0	0	0	0	0	0	0	0
JAJPHD01	0	0	0	0	0	2	0	0	0	1	0	0	0	0	0	0	0	0	1	0	0	0	0	0	0	0	0	0	0	0	0	0	0	0	0	0	0	0	0	0	0	0	0	0	0	0	1	1	0	0	0	0	0	0	0	0	0	0	0	0	0	0	0	0	0	0
JAGVPG01	0	0	0	0	0	0	0	0	0	0	0	0	0	0	0	0	0	0	0	0	0	0	0	0	0	0	0	0	0	0	0	0	0	0	0	0	0	0	0	0	0	0	0	0	0	0	0	0	0	0	0	0	0	0	0	0	0	0	0	0	0	0	0	0	0	0
Sporichthyaceae	0	0	0	0	0	2.5	0	0	0	0	0	0	0	0	0	0	0	0	0	0	0	0	0	0	0	0	0	0	0	0	0	0	0	0	0	0	0	0	0	0	0	0	0	0	0	0	0.5	0.5	0	0	0	0	0	0	0	0	0	0	0	0	0	0	0	0	0	0
JAJPHE01	0	0	0	0	0	6	0	0	0	0	0	0	0	0	0	0	0	0	0	0	0	0	0	0	0	0	0	0	0	0	0	0	0	0	0	0	0	0	0	0	0	0	0	0	0	0	1	0	0	0	0	0	0	0	0	0	0	0	0	0	0	0	0	0	0	0
CADDZG01	0	0	0	0	0	1	0	0	0	0	0	0	0	0	0	0	0	0	0	0	0	0	0	0	0	0	0	0	0	0	0	0	0	0	0	0	0	0	0	0	0	0	0	0	0	0	0	0	0	0	0	0	0	0	0	0	0	0	0	0	0	0	0	0	0	0
WRKU01	0	0	0	0	0	1	0	0	0	0	0	0	0	0	0	0	0	0	0	0	0	0	0	0	0	0	0	0	0	0	0	0	0	0	0	0	0	0	0	0	0	0	0	0	0	0	0	0	0	0	0	0	0	0	0	0	0	0	0.3333333333333333	0.3333333333333333	0	0	0	0	0	0
JAHWKP01	0	0	0	0	0	2	0	0	0	0	0	0	0	0	0	0	0	0	0	0	0	0	0	0	0	0	0	0	0	0	0	0	0	0	0	0	0	0	0	0	0	0	0	0	0	0	0	0	0	0	0	0	0	0	0	0	0	0	0	0	0	0	0	0	0	0
JAJYSQ01	0	0	0	0	0	1	0	0	0	0	0	0	0	0	0	0	1	0	0	0	0	0	0	0	0	0	0	0	0	0	0	0	0	0	0	0	0	0	0	0	0	0	0	0	0	0	0	0	0	0	0	0	0	0	0	0	0	0	0	0	0	0	0	0	0	0
AC-35	0	0	0	0	0	6	0	0	0	0	0	0	0	0	0	0	0	0	0	0	0	0	0	0	0	0	0	0	0	0	0	0	0	0	0	0	0	0	0	0	0	0	0	0	0	0	1	1	0	0	0	0	0	1	0	0	0	0	0	0	0	0	0	0	0	0
Euzebyaceae	0	0	0	0	0	4	0	0	0	0	0	0	0	0	0	0	0	0	0.3333333333333333	2	0	0	0	0	0	0	0	0	0	0	0	0	0	0	0	0	0	0	0	0	0	0	0	0	0	0	0.6666666666666666	0.6666666666666666	0	0.3333333333333333	0	0	0	0	0	0	0	0	0	0	0	0	0	0	0	0
FW305-bin1	0	0	0	0	0	2	0	0	0	0	0	0	0	0	0	0	0	0	0	0	0	0	0	0	0	0	0	0	0	0	0	0	0	0	0	0	0	0	0	0	0	0	0	0	0	0	0	0	0	0	0	0	0	0	0	0	0	0	0	0	0	0	0	0	0	0
JACQTL01	0	0	0	0	0	1	0	0	0	0	0	0	0	0	0	0	0	0	0	0	0	0	0	0	0	0	0	0	0	0	0	0	0	0	0	0	0	0	0	0	0	0	0	0	0	0	0	0	0	0	0	0	0	0	0	0	0	0	0	0	0	0	0	0	0	0
JAGPDB01	0	0	0	0	0	1	0	0	0	0	0	0	0	0	0	0	0	0	0	0	0	0	0	0	0	0	0	0	0	0	0	0	0	0	0	0	0	0	0	0	0	0	0	0	0	0	0	0	0	0	0	0	0	0	0	0	0	0	0	0	0	0	0	0	0	0
JAJZJN01	0	0	0	0	0	1	0	0	0	0	0	0	0	0	0	0	0	0	0	0	0	0	0	0	0	0	0	0	0	0	0	0	0	0	0	0	0	0	0	0	0	0	0	0	0	0	0	0	0	0	0	0	0	0	0	0	0	0	0	0	0	0	0	0	0	0
JACCYY01	0	0	0	0	0	1	0	0	0	0	0	0	0	0	0	0	0	0	0	0	0	0	0	0	0	0	0	0	0	0	0	0	0	0	0	0	0	0	0	0	0	0	0	0	0	0	0	0	0	0	0	0	0	0	0	0	0	0	0	0	0	0	0	0	0	0
ATN3	1	0	0	0	0	3	0	0	0	0	0	0	0	0	0	0	0	0	0	0	0	0	0	0	0	0	0	0	0	0	0	0	0	0	0	0	0	0	0	0	0	1	0	0	0	0	1	1	0	0	0	0	0	0	0	0	0	0	0	0	0	0	0	0	0	0
JACQDL01	0	0	0	0	0	2	0	0	0	0	0	0	0	0	0	0	0	0	0	0	0	0	0	0	0	0	0	0	0	0	0	0	0	0	0	0	0	0	0	0	0	0	0	0	0	0	0	0	0	0	0	0	0	0	0	0	0	0	0	0	0	0	0	0	0	0
JACVIW01	0	0	0	0	0	0	0	0	0	0	0	0	0	0	0	0	0	0	0	1	0	0	0	0	0	0	0	0	0	0	0	0	0	0	0	0	0	0	0	0	0	0	0	0	0	0	0	0	0	0	0	0	0	0	0	0	0	0	0	0	0	0	0	0	0	0
JAEZXW01	0	0	0	0	0	0	0	0	0	0	0	0	0	0	0	0	0	0	0	1	0	0	0	0	0	0	0	0	0	0	0	0	0	0	0	0	0	0	0	0	0	0	0	0	0	0	0	0	0	0	0	0	0	0	0	0	0	0	0	0	0	0	0	0	0	0
AC-9	0	0	0	0	0	5	0	0	0	0	0	0	0	0	0	0	0	0	0	0	0	0	0	0	0	0	0	0	0	0	0	0	0	0	0	0	0	0	0	0	0	1	0	0	0	0	0	0	0	0	0	0	0	1	0	0	0	0	1	1	0	0	0	0	0	0
JADFOM01	0	0	0	0	0	8	0	0	0	0	0	0	0	0	0	0	0	0	0	0	0	0	0	0	0	0	0	0	0	0	0	0	0	0	0	0	0	0	0	0	0	0	0	0	0	0	1	0	0	0	0	0	0	0	0	0	0	0	0	0	0	0	0	0	0	0
JACPCJ01	0	0	0	0	0	3	0	0	0	0	0	0	0	0	0	0	0	0	0	0	0	0	0	0	0	0	0	0	0	0	0	0	0	0	0	0	0	0	0	0	0	0	0	0	0	0	1	0	0	0	0	0	0	0	0	0	0	0	0	0	0	0	0	0	0	0
JAHECE01	1	0	0	0	0	1	0	0	0	0	0	0	0	0	0	0	0	0	0	0	0	0	0	0	0	0	0	0	0	0	0	0	0	0	0	0	0	0	0	0	0	0	0	0	0	0	0	0	0	0	0	0	0	0	0	0	0	0	0	0	0	0	0	0	0	0
SURF-47	0	0	0	0	0	0	0	0	0	0	0	0	0	0	0	0	0	0	0	0	0	0	0	0	0	0	0	0	0	0	0	0	0	0	0	0	0	0	0	0	0	0	0	0	0	0	0	0	0	0	0	0	0	0	0	0	0	0	0	0	0	0	0	0	0	0
AC-25	0	0	0	0	0	5	0	0	0	0	0	0	0	0	0	0	0	0	0	0	0	0	0	0	0	0	0	0	0	0	0	0	0	0	0	0	0	0	0	0	0	0	0	0	0	0	1	0	0	0	0	0	0	0	0	0	0	0	0	0	0	0	0	0	0	0
JACCUZ01	0	0	0	0	0	1	0	0	0	0	0	0	0	0	0	0	0	0	0	0	0	0	0	0	0	0	0	0	0	0	0	0	0	0	0	0	0	0	0	0	0	0	0	0	0	0	0	0	0	0	0	0	0	0	0	0	0	0	0	0	0	0	0	0	0	0
JAENWW01	0	0	0	0	0	1	0	0	0	0	0	0	0	0	0	0	0	0	0	0	0	0	0	0	0	0	0	0	0	0	0	0	0	0	0	0	0	0	0	0	0	0	0	0	0	0	0	0	0	0	0	0	0	0	0	0	0	0	0	0	0	0	0	0	0	0
Chersky-534	0	0	0	0	0	4	0	0	0	0	0	0	0	0	0	0	0	0	0	0	0	0	0	0	0	0	0	0	0	0	0	0	0	0	0	0	0	0	0	0	0	1	0	0	0	0	1	0	0	0	0	0	0	0	0	0	0	0	0	0	0	0	0	0	0	0
JACRBU01	0	0	0	0	0	2	0	0	0	0	0	0	0	0	0	0	0	0	0	0	0	0	0	0	0	0	0	0	0	0	0	0	0	0	0	0	0	0	0	0	0	0	0	0	0	0	0	0	0	0	0	0	0	0	0	0	0	0	0	0	0	0	0	0	0	0
JADJXE01	0	0	0	0	0	5	0	0	0	0	0	0	0	0	0	0	0	0	0	1	0	0	0	0	0	0	0	0	0	0	0	0	0	0	0	0	0	0	0	0	0	0	0	0	0	0	0	0	0	0	0	0	0	1	0	0	0	0	0	0	0	0	0	0	0	0
JAHEXQ01	0	0	0	0	0	0	0	0	0	0	0	0	0	0	0	0	0	0	0	1	0	0	0	0	0	0	0	0	0	0	0	0	0	0	0	0	0	0	0	0	0	0	0	0	0	0	0	0	0	0	0	0	0	0	0	0	0	0	0	0	0	0	0	0	0	0
