t_n157	16.2439134978951	3915.52101336094	4.74973829256599	0.0348289242667521
t_n158	8.57671304491275	3611.813630007	0.250248450345618	0.00832382674571633
t_n159	7.57661631274436	2454.13953471381	0.113560669955539	0.00680243416241173
t_n160	7.16470576569672	2601.17712594189	0.0909804489119419	0.00591410559580795
t_n161	6.3856561979051	12127.7721287811	0.0119448315156536	0.000992429122468521
t_n162	5.84495370438478	3702.54973555063	0.0323795624203922	0.00295722954972796
t_n163	5.44861186136693	2544.57277431446	0.0414208640949982	0.00403461537553297
t_n164	4.762002379926	1789.40513231864	0.0553748074906506	0.00556290669091569
t_n165	4.47813156862657	1474.97453354967	0.0546269800926154	0.00608571114822857
t_n166	3.91110408712064	888.968576466542	0.0518590858962686	0.00763781656465198
t_n167	3.32946103822309	864.6177810675	0.0547918631054069	0.00796060275816425
t_n168	2.56898582437878	1783.47905771138	0.0994810351022359	0.00746854738392838
t_n169	1.81470668764562	668.61747601932	0.051029862393267	0.00873621546557787
t_n170	1.65222532036898	581.857162699861	0.0446158032868589	0.00875661319108675
t_n171	1.53611776570671	563.076101841215	0.0418075133442831	0.00861675254015901
t_n172	1.12393601828409	798.763964544925	0.033089094704583	0.00643625453326992
t_n173	1.01024942461377	873.436255847665	0.0315919921331628	0.00601413120727464
t_n174	0.588924027253637	1880.98568330771	0.0228506088871952	0.00348542822237713
t_n175	1.47595801746913	563.806796167082	0.0418811889895488	0.00861875128001097
t_n176	1.23221445384731	709.333528619008	0.0452126087802979	0.0079837060629355
t_n177	0.730470848137593	3809.87951259157	0.0496215800463888	0.00360894009961904
t_n178	2.83640341715914	721.585383568953	0.0400414423297425	0.00744922329329106
t_n179	2.67959605126244	677.565690095962	0.0375339947486751	0.0074428058652086
t_n180	2.46597764497775	735.618804313159	0.0378875037538339	0.00717664700044931
t_n181	2.32233791507425	808.090607945467	0.038569166672599	0.00690860079428088
t_n182	1.93519725861707	1373.75759271432	0.0530396080976971	0.00621362587062003
t_n183	0.974695344837758	2709.36538454664	0.0582164517228893	0.00463541985820348
t_n184	2.01241420554472	1070.31489564433	0.0436408949401165	0.006385443099093
t_n185	1.33666651662417	1593.68350289249	0.0377300658560831	0.00486567103382813
t_n186	1.01440766262187	1759.46204688633	0.0337430967159661	0.00437927801371142
t_n187	0.602914417074146	2604.81512304213	0.0258970399139106	0.00315309176839861
t_n188	1.01672012247888	2153.97034744272	0.0426978453764879	0.00445228667396309
t_n189	2.07179486011699	1271.65461774354	0.0496491835391111	0.00624843806212527
t_n190	1.30596788052097	1945.46231738618	0.0531440932107754	0.00522656178849001
t_n191	1.00784910296485	2051.04593747802	0.051735112328109	0.00502232721496401
t_n192	0.265207616489176	8778.38867634474	0.00797343047357169	0.000953048940373913
t_n193	2.41533319962502	712.238287542404	0.0363515735225741	0.00714412342811244
t_n194	2.22301362934853	738.371825672447	0.035642142956829	0.00694775260116981
t_n195	1.67237060578971	839.68463515319	0.0333006548859389	0.00629750156344119
t_n196	1.5001036020849	822.317232713018	0.0306428649503502	0.0061044281698437
t_n197	1.35351766616669	914.013235963069	0.0317624640443371	0.0058949598402242
t_n198	0.889129056887156	1486.39525921271	0.034906840974825	0.00484605253589615
t_n199	1.31207906710164	854.237572060922	0.0305287716382595	0.00597812966449217
t_n200	1.0790762420429	1144.27712915618	0.0335949551042055	0.00541840450476251
t_n201	0.990775907654617	1428.44441728143	0.0373321962618068	0.00511222661654877
t_n202	1.80522329245538	1225.54753168116	0.0471444534696459	0.00620226364076925
t_n203	1.32293868296585	2045.21090739161	0.056956761771046	0.00527720049903124
t_n204	1.8084886260087	1704.91040821942	0.0692735587717792	0.00637430688756026
t_n205	1.40720884869757	1876.39348346923	0.0763637708355497	0.00637942777376307
t_n206	2.12485276644168	870.263721103327	0.0695808058699932	0.00894168337616197
t_n207	1.90435502333883	830.530170306173	0.069889476166092	0.00917335469004191
t_n208	1.49794110225989	1015.20400811281	0.0813077780474295	0.00894930654879019
t_n209	1.58326209947503	1058.92116874398	0.0810012060169849	0.00874608970453248
t_n210	1.51472360751962	1306.74798387687	0.08859775791325	0.00823408690670223
t_n211	3.66323075288236	865.68554131091	0.050557417230844	0.00764209369097931
t_n212	3.2731387660067	888.983254161987	0.0417540121110569	0.00685334060359046
t_n213	2.96625039546023	998.876099697027	0.0425656541312733	0.00652790529268239
t_n214	2.56612439666517	1036.41366197747	0.0459552528367297	0.00665887734436265
t_n215	2.03749306686666	2128.65746493392	0.0846015483876636	0.00630429119145216
t_n216	2.05101918175091	899.19143365935	0.0450091101466402	0.00707496234849798
t_n217	1.84032507878106	934.236805108788	0.0430648569901625	0.00678942536126494
t_n218	1.60987215060747	958.199148039414	0.0411414895101847	0.00655257673246836
t_n219	1.23768422944353	1136.32610051054	0.0383757999486512	0.0058113526386188
t_n220	0.958048423983801	1412.20820654933	0.0371446264378244	0.00512859768576655
t_n221	3.03786156662167	974.297702112222	0.0395369225903242	0.00637023702672724
t_n222	2.77783532144893	1047.18440555693	0.0404812915708119	0.00621749718201711
t_n223	2.29295708267087	907.214373133097	0.0394979505872578	0.00659830398944788
t_n224	2.09172842264887	890.882251293107	0.0365309904077394	0.00640354653607343
t_n225	1.76508901111944	791.154223470573	0.0299037759388515	0.00614797990863964
t_n226	1.59050568838558	769.270669844189	0.0268652811200983	0.00590957307844392
t_n227	1.43224942243888	814.380593121171	0.0239279964618893	0.00542050138862041
t_n228	1.31646594644768	817.04656615102	0.0220416892348847	0.00519396516954525
t_n229	0.952737716169192	1206.4700956736	0.0173513325667132	0.00379234759044978
t_n230	0.748706626718664	1314.60683341735	0.0144048394061359	0.00331021549841745
t_n231	0.625582973856307	1647.10148061094	0.015074190730396	0.00302521903394419
t_n232	0.562807092360382	1736.99656545322	0.0136293051004352	0.00280115652255693
t_n233	1.00331986351682	1283.31830644871	0.0225525187662407	0.00419208742993882
t_n234	0.640243680950952	2185.28391067675	0.0209760399710659	0.00309818835211915
t_n235	1.92549723545323	1689.1356036815	0.081164756666322	0.00693188720710415
t_n236	1.29014106631668	2678.76639541712	0.134898512660449	0.00709636850238827
t_n237	1.8123304980151	2406.62725330253	0.143256226768496	0.00771529149172465
t_n238	3.41809649117044	861.987161247734	0.0544443423458268	0.00794741660514976
t_n239	3.19840212647868	926.862113205136	0.0510032912899864	0.00741808040146343
t_n240	2.77342107041148	921.917578407915	0.0479164948922002	0.00720935602191299
t_n241	2.34236766733163	1144.47303747024	0.0543355365304537	0.00689031690981016
t_n242	1.98582734511774	1103.07364711043	0.0556466595079779	0.00710259898026039
t_n243	1.49002176880656	1344.97690923691	0.0511204265512056	0.00616509566879593
t_n244	1.23786191501425	1547.03188699296	0.0494130868614204	0.00565159926525621
t_n245	2.18129866763662	1037.02412238526	0.0531950182331742	0.00716211106879099
t_n246	1.89217484334283	1125.50215474609	0.0559536716783498	0.00705084438462097
t_n247	1.58392769236038	1345.33001207145	0.0584711522520852	0.00659259521330821
t_n248	1.20575379064047	1609.97338795144	0.0610265502367655	0.00615672933735642
t_n249	1.73000713302335	1169.81199756064	0.059560886251628	0.007135469269309
t_n250	1.21876377124644	1762.33523955029	0.0628302531179735	0.00597090473245509
t_n251	1.48319503170341	1315.01040271235	0.0662469800674206	0.00709771322914785
t_n252	2.48208051041448	1194.59169353255	0.0762526622674598	0.00798946613546086
t_n253	2.15232796136193	1166.00477241778	0.0733742264873232	0.00793271047712075
t_n254	1.67405373939803	1486.87392782739	0.0791196046926504	0.00729465877001305
t_n255	1.28052141986901	1783.79515500461	0.0826949526247118	0.00680874409085557
t_n256	1.60096215661717	1500.99109695825	0.0835038112631607	0.00745871633780561
t_n257	3.38162298068097	2054.83692240708	0.176488635276786	0.00926765145323271
t_n258	2.82543621255437	2188.65087914698	0.178913768668331	0.00904135738826916
t_n259	1.78357343509825	2309.36762700415	0.233339719101594	0.010051891648588
t_n260	0.26100234359282	10702.8640396753	0.00833576116956581	0.000882516079982753
t_n261	4.77111598273586	1796.98188936029	0.0680381975295029	0.00615324985021292
t_n262	4.42753962164392	1455.25623282034	0.0745815042279302	0.00715889240422372
t_n263	3.95867540584471	1111.018611267	0.0841978144460365	0.00870542026769959
t_n264	3.48670641949903	1051.1495542357	0.0859454134808579	0.00904230386676708
t_n265	2.93152626619669	1044.38097731409	0.065775251375841	0.0079360022419818
t_n266	2.58604410180991	1146.8408132602	0.069675903393761	0.00779452643256354
t_n267	2.10659862235888	1362.75898275276	0.074631105509293	0.00740031848523615
t_n268	1.32556980737463	1959.53603458595	0.0732635996142087	0.00611459221793216
t_n269	2.50100255552222	1362.10465737253	0.0742972207904811	0.00738551943519176
t_n270	1.19075869298035	2755.8339306422	0.0707177284250689	0.00506567857254591
t_n271	3.23156637909105	2244.64559445798	0.152437138493104	0.00824084040862011
t_n272	4.47018551123944	2616.65861461111	0.368952480021699	0.0118744002657431
t_n273	5.01538182112394	1568.00820375886	0.106993478180954	0.00826046485306723
t_n274	4.6810741919654	1345.03983398093	0.118985608962163	0.00940545144257456
t_n275	4.07608559307535	1496.51530004764	0.171323622111001	0.0106996123450226
t_n276	3.37378825219739	1466.71867717251	0.202790028790012	0.0117584448694658
t_n277	1.82768350121994	2187.25037133892	0.185766542634581	0.00921583095036478
t_n278	3.54480539415529	1422.20183029297	0.176226503139641	0.0111315334373045
t_n279	3.13327131615419	1355.78752087015	0.163947044475974	0.0109965380134721
t_n280	2.5904253239138	1505.12870552289	0.164736602067093	0.0104618438255018
t_n281	2.62849024267787	2412.88398569649	0.248084718758546	0.0101398559764197
t_n282	6.71871262480876	1153.17510032336	0.24828095222803	0.0146731741816386
t_n283	6.1947681239488	1280.67245626106	0.248857617578565	0.0139397965392574
t_n284	0.964128680950952	3624.11589517424	0.111910569919641	0.00555692474013582
t_n285	4.93820373348333	2507.99860856687	0.160281527732659	0.0079942567267173
t_n286	4.11727614447278	3249.08511687312	0.0893218153375085	0.00524322175566666
t_n287	3.26853381420929	4532.22136754796	0.0119925404504331	0.00162667217908832
t_n288	2.91339112889856	2684.15299719235	0.0344317870098394	0.00358159230297275
t_n289	2.63139138245088	2236.44985295964	0.0447707319156652	0.00447422185505608
t_n290	1.71152687847608	2043.02021010767	0.0652486198395559	0.00565131263509224
t_n291	1.37138112436878	2081.44858932169	0.0590829806885619	0.00532780540678
t_n292	0.20636745839708	11825.718240018	0.00514294245005865	0.00065946548227011
t_n293	0.735463035303235	3019.81262208748	0.0383194319368259	0.00356221012014737
t_n294	2.20976871484926	2843.2146289391	0.0855196509153917	0.00548438756183145
t_n295	0.975101364161792	3317.16953141485	0.121183433531845	0.00604418561384556
t_n296	5.63887208381081	1822.09925160951	0.604739133083976	0.018217887741663
t_n297	6.23169904459777	595.814179475895	0.712915899949389	0.0345910490459832
t_n298	5.39845178903055	499.121994335502	0.520011541902584	0.0322777413824785
t_n299	3.69771357720614	735.170061309055	0.400411638270813	0.0233377745264064
t_n300	3.08209932172391	809.669508594281	0.3358253467183	0.0203658642055064
t_n301	1.57035880749463	1636.75198483818	0.153913032087588	0.00969719790100382
t_n302	0.236161092210389	8867.27658939859	0.00660767744445185	0.000863235495162585
t_n303	4.73352859339533	526.606055734457	0.419795271578897	0.0282342234050972
t_n304	4.03803071868407	628.884759299336	0.345618877036802	0.0234430002624077
t_n305	2.95764231681916	886.003652979955	0.166149201388525	0.0136940330861506
t_n306	2.5159558560422	862.242061165968	0.148182606370085	0.0131094361432947
t_n307	1.94073451902905	1257.06110985564	0.152611845320331	0.0110183338339554
t_n308	0.636251638548073	4922.02283406781	0.0174892999070127	0.00188501322058779
t_n309	0.397231180815959	4151.77041751574	0.00706976804642468	0.00130492609979582
t_n310	0.223806241427929	3750.12281846036	0.0025795745887327	0.000829375685895812
t_n311	0.176925774776261	3903.69786004799	0.00226003254256028	0.000760885395042319
mu	0.0892488729113544	1332.33227972975	1.96884637691132e-05	0.000121562504852233
sigma2	0.217408848282586	3701.59830833371	0.000645919790476523	0.000417729024287068
lnL	-154.708139093045	20001	154.390861767952	0.0878587339456987
