Assembly_ID	Assembly_Name	BGC_Count	Complete_BGC_Count	BGC_Sum	Genome_Size	BGC_Genome_Prop	Terpene_Prop	Metallophore_Prop	NRPS_Prop	PKS_Prop	NRPS_or_PKS	Complete_NRPS_or_PKS	NRPS_or_PKS_Sum	NRPS_or_PKS_Sum_Strict
GCA_027600675	Phlyctochytrium_GCA_027600675.1	5	0	177364	30009547	0.005910252493981332	0.6	0.0	0.4	0.0	2	0	98642	44514
GCA_000392275	Phaeoacremonium_GCF_000392275.1	26	19	1469578	47302611	0.031067587368485854	0.11538461538461539	0.0	0.23076923076923078	0.34615384615384615	14	11	900611	649291
GCA_003016335	Corynespora_GCA_003016335.1	66	56	4436637	44703665	0.09924548691924924	0.13636363636363635	0.015151515151515152	0.2878787878787879	0.45454545454545453	45	37	3053262	2508726
GCA_025602915	Paraphysoderma_GCA_025602915.1	5	4	174597	27876074	0.006263328186027917	0.6	0.2	0.2	0.0	1	1	64677	0
GCA_001600175	Erythrobasidium_GCA_001600175.1	5	5	217595	20870985	0.010425717808718659	0.6	0.0	0.4	0.0	2	2	125002	0
GCA_025201725	Chytriomyces_GCA_025201725.1	7	1	207790	36029559	0.0057672090851847505	0.5714285714285714	0.0	0.2857142857142857	0.0	2	0	43335	0
GCA_003086735	Smittium_GCA_003086735.1	4	0	88475	40310083	0.002194860278506497	0.5	0.25	0.25	0.0	1	0	34320	0
GCA_000836135	Taphrina_GCA_000836135.1	9	9	450313	13010491	0.03461153003372432	0.4444444444444444	0.0	0.5555555555555556	0.0	5	5	326120	75543
GCA_025765595	Obelidium_GCA_025765595.1	9	7	512070	49458483	0.010353532274736368	0.3333333333333333	0.0	0.6666666666666666	0.1111111111111111	6	4	417070	288691
GCA_025602895	Polychytrium_GCF_025602895.1	64	61	4288817	64917104	0.06606605556526367	0.046875	0.0	0.90625	0.0	58	56	4031320	245708
GCA_002162545	Monilinia_GCA_002162545.1	44	41	3179834	43338467	0.07337209228005227	0.06818181818181818	0.022727272727272728	0.36363636363636365	0.4090909090909091	33	30	2351166	1930214
GCA_000328475	Ustilago_GCF_000328475.2	13	9	715389	19641656	0.03642203081043676	0.15384615384615385	0.0	0.7692307692307693	0.07692307692307693	11	7	651597	248757
GCA_003988945	Chaetoscypha_GCA_003988945.1	45	7	1929239	40661501	0.04744633012932799	0.1111111111111111	0.022222222222222223	0.26666666666666666	0.4444444444444444	27	6	1341464	1237315
GCA_001574975	Gonapodya_GCA_001574975.1	5	5	196268	48187626	0.0040729958350718505	0.6	0.0	0.2	0.0	1	1	65252	0
GCA_002368545	Ramichloridium_GCA_002368545.1	34	27	2207740	28121942	0.07850595808781627	0.17647058823529413	0.0	0.38235294117647056	0.3235294117647059	22	17	1589521	1274752
GCA_000760515	Mitosporidium_GCF_000760515.2	0	0	0	5473455	0.0	0.0	0.0	0.0	0.0	0	0	0	0
GCA_003385255	Corinectria_GCA_003385255.1	42	15	2142944	38830354	0.055187341325809186	0.11904761904761904	0.023809523809523808	0.5476190476190477	0.40476190476190477	35	11	1903845	1521628
GCA_001619985	Xylona_GCF_001619985.1	27	24	1622670	24318220	0.06672651205556986	0.18518518518518517	0.037037037037037035	0.4074074074074074	0.37037037037037035	19	17	1250778	996325
GCA_000354255	Bipolaris_GCF_000354255.1	65	40	3835495	32084566	0.11954330315703819	0.15384615384615385	0.015384615384615385	0.2923076923076923	0.35384615384615387	38	24	2413910	2126181
GCA_002572855	Emmonsia_GCA_002572855.1	17	10	1097976	33739611	0.03254263956985159	0.17647058823529413	0.058823529411764705	0.5294117647058824	0.058823529411764705	9	4	661329	308840
GCA_002105135	Syncephalastrum_GCA_002105135.1	13	12	539213	30744882	0.017538301171557594	0.46153846153846156	0.15384615384615385	0.38461538461538464	0.0	5	5	334324	0
GCA_001692915	Glonium_GCA_001692915.1	56	3	1768264	40170011	0.04401950499839295	0.125	0.017857142857142856	0.30357142857142855	0.35714285714285715	36	3	1302490	1133382
GCA_001600815	Alloascoidea_GCA_001600815.1	6	4	275433	24423196	0.011277516668989594	0.16666666666666666	0.0	0.8333333333333334	0.0	5	3	243756	0
GCA_000836295	Verruconis_GCA_000836295.1	19	15	1292979	31348514	0.04124530432287795	0.15789473684210525	0.05263157894736842	0.2631578947368421	0.2631578947368421	10	7	640551	449668
GCA_000708205	Mixia_GCF_000708205.1	9	9	414063	13518494	0.030629373360671685	0.5555555555555556	0.0	0.4444444444444444	0.0	4	4	254610	64279
GCA_900290415	Podospora_GCA_900290415.1	35	34	2496526	34157309	0.07308907150736026	0.17142857142857143	0.02857142857142857	0.34285714285714286	0.5428571428571428	25	24	1900585	1779920
GCA_000235945	Homolaphlyctis_GCA_000235945.1	4	2	120061	21725198	0.005526347792089168	0.5	0.0	0.5	0.0	2	0	56970	0
GCA_000349385	Eutypa_GCA_000349385.1	66	19	3267375	53595975	0.0609630667228276	0.10606060606060606	0.0	0.36363636363636365	0.5151515151515151	53	17	2745970	2113989
GCA_025558095	Hyaloraphidium_GCA_025558095.1	6	5	243785	31925225	0.007636124725824172	0.6666666666666666	0.0	0.3333333333333333	0.0	2	1	116939	0
GCA_027600685	Geranomyces_GCA_027600685.1	15	10	724331	23609958	0.03067904652774054	0.26666666666666666	0.06666666666666667	0.5333333333333333	0.2	10	5	581267	331372
GCA_000721755	Aureobasidium_GCF_000721755.1	31	24	1936074	25790867	0.07506820146837251	0.12903225806451613	0.03225806451612903	0.45161290322580644	0.3225806451612903	20	14	1291820	807297
GCA_900073065	Phialocephala_GCA_900073065.1	79	68	5505573	66853248	0.08235311169922514	0.13924050632911392	0.012658227848101266	0.3291139240506329	0.3037974683544304	47	39	3194585	2234234
GCA_004335205	Ascochyta_GCA_004335205.1	39	9	2115583	44570443	0.04746605278300689	0.10256410256410256	0.02564102564102564	0.4358974358974359	0.358974358974359	27	6	1512945	1243556
GCA_027604685	Lobulomyces_GCA_027604685.1	7	0	209071	24917643	0.008390480592405951	0.42857142857142855	0.0	0.5714285714285714	0.0	4	0	120081	59559
GCA_027600665	Irineochytrium_GCA_027600665.1	12	0	360067	36834433	0.009775282817574523	0.16666666666666666	0.0	0.75	0.3333333333333333	10	0	317822	245252
GCA_002778095	Fragosphaeria_GCA_002778095.1	24	23	1597277	34748420	0.0459668957610159	0.16666666666666666	0.0	0.4166666666666667	0.3333333333333333	17	17	1231016	825560
GCA_001661345	Ascoidea_GCF_001661345.1	2	1	71698	17458255	0.004106825109382353	0.5	0.0	0.5	0.0	1	0	40282	0
GCA_027603645	Gaertneriomyces_GCA_027603645.1	6	5	336398	20551572	0.016368480231098624	0.5	0.0	0.5	0.16666666666666666	3	2	241610	177449
GCA_002916505	Tolypocladium_GCA_002916505.1	37	8	1758394	27322323	0.06435741206924463	0.08108108108108109	0.02702702702702703	0.40540540540540543	0.32432432432432434	26	6	1345561	1154963
GCA_027602005	Geranomyces_GCA_027602005.1	14	8	718009	23459521	0.03060629413533209	0.2857142857142857	0.07142857142857142	0.5714285714285714	0.21428571428571427	9	4	578508	344248
GCA_000151315	Capsaspora_GCA_000151315.2	7	7	271015	27434513	0.009878615304744065	0.5714285714285714	0.0	0.2857142857142857	0.0	2	2	129883	64376
GCA_002591845	Epichloe_GCA_002591845.1	32	13	1647281	24477428	0.06729796120736214	0.125	0.0	0.53125	0.3125	24	9	1283800	946949
GCA_000151645	Tuber_GCF_000151645.1	8	7	451448	123533734	0.0036544511801124705	0.375	0.125	0.5	0.25	5	4	356076	228235
GCA_000182565	Spizellomyces_GCA_000182565.2	13	8	765324	23906001	0.03201388638777351	0.23076923076923078	0.07692307692307693	0.7692307692307693	0.07692307692307693	11	6	701881	356434
GCA_003795315	Valsa_GCA_003795315.1	60	41	3848048	38171725	0.10080885786534405	0.16666666666666666	0.0	0.26666666666666666	0.5166666666666667	44	30	2884522	2198516
GCA_027604505	Gonapodya_GCA_027604505.1	5	3	189514	35583160	0.005325946318427031	0.6	0.0	0.2	0.0	1	1	65307	65307
GCA_003833135	Oehlia_GCA_003833135.1	9	5	305816	128979656	0.002371040592634237	0.5555555555555556	0.1111111111111111	0.3333333333333333	0.0	3	2	144681	65011
GCA_002865625	Hyaloscypha_GCA_002865625.1	45	39	3280553	56764259	0.05779258036293577	0.13333333333333333	0.022222222222222223	0.24444444444444444	0.26666666666666666	22	21	1589410	1149796
GCA_000149305	Rhizopus_GCA_000149305.1	15	15	669928	45324238	0.014780789033893961	0.4666666666666667	0.06666666666666667	0.4666666666666667	0.0	7	7	435996	64296
GCA_025399235	Backusella_GCA_025399235.1	13	4	488719	47082259	0.01038010941658513	0.46153846153846156	0.07692307692307693	0.46153846153846156	0.0	6	3	321336	40553
GCA_003706495	Cephaloascus_GCA_003706495.1	3	1	87212	16056720	0.005431495348987838	0.6666666666666666	0.0	0.3333333333333333	0.0	1	0	39157	0
GCA_002261195	Bifiguratus_GCA_002261195.1	10	4	322691	19180058	0.01682429740306312	0.4	0.1	0.4	0.1	5	2	172256	18996
GCA_027604305	Chytridiales_GCA_027604305.1	8	2	167986	26939298	0.0062357229947120375	0.125	0.0	0.75	0.125	7	1	133128	65807
GCA_000812075	Scedosporium_GCA_000812075.1	31	9	1721282	39422603	0.04366231220196191	0.12903225806451613	0.0	0.45161290322580644	0.41935483870967744	24	8	1368662	1174844
GCA_027604065	Clydaea_GCA_027604065.1	7	1	109388	24632018	0.00444088665411011	0.42857142857142855	0.0	0.42857142857142855	0.0	3	0	37696	37696
GCA_027596945	Physocladia_GCA_027596945.1	14	0	217739	44073083	0.004940407731403768	0.21428571428571427	0.0	0.7142857142857143	0.14285714285714285	11	0	177468	74538
GCA_027604365	Rhizoclosmatium_GCA_027604365.1	6	1	193570	30544921	0.00633722378918577	0.16666666666666666	0.0	0.5	0.16666666666666666	4	1	157984	69518
GCA_003264845	Cryphonectria_GCA_003264845.1	59	35	3706221	40208438	0.09217520461749845	0.15254237288135594	0.01694915254237288	0.2542372881355932	0.4915254237288136	38	22	2581777	2313885
GCA_002104985	Rhizoclosmatium_GCA_002104985.1	10	9	542899	57017234	0.009521664975891325	0.3	0.0	0.6	0.1	7	6	447361	132529
GCA_027604705	Allomyces_GCA_027604705.1	6	5	181548	26480077	0.006856022359753712	0.5	0.3333333333333333	0.16666666666666666	0.0	1	1	64709	0
GCA_003788565	Ascobolus_GCA_003788565.2	14	13	864709	58885632	0.014684549874577214	0.35714285714285715	0.07142857142857142	0.21428571428571427	0.21428571428571427	6	6	438137	373721
GCA_000149865	Batrachochytrium_GCA_000149865.1	5	5	268079	23577733	0.011370007455763453	0.4	0.0	0.6	0.0	3	3	197658	133003
GCA_002083745	Rhizopus_GCA_002083745.1	13	6	439570	24892044	0.01765905604216351	0.46153846153846156	0.07692307692307693	0.3076923076923077	0.0	4	1	164707	47792
GCA_002081935	Ustulina_GCA_002081935.3	105	33	5408965	46510157	0.11629642531630241	0.14285714285714285	0.0	0.29523809523809524	0.42857142857142855	67	18	3607619	3081464
GCA_027604665	Polyrhizophydium_GCA_027604665.1	13	0	113093	23299484	0.004853884317781458	0.23076923076923078	0.0	0.6923076923076923	0.0	9	0	59240	9594
GCA_025558075	Gaertneriomyces_GCA_025558075.1	6	5	342256	20918219	0.016361622373300518	0.5	0.0	0.5	0.16666666666666666	3	2	247464	183303
GCA_001563115	Colletotrichum_GCA_001563115.1	70	25	3904645	49675139	0.07860360491391881	0.18571428571428572	0.0	0.2857142857142857	0.35714285714285715	40	14	2587943	2055539
GCA_027604625	Blyttiomyces_GCA_027604625.1	6	0	55247	46231986	0.0011949951706595515	0.6666666666666666	0.0	0.3333333333333333	0.0	2	0	13150	13150
GCA_025602905	Phlyctochytrium_GCA_025602905.1	8	6	402159	31548172	0.012747458077761209	0.5	0.0	0.5	0.0	4	2	275562	211256
GCA_000385595	Neofusicoccum_GCA_000385595.1	55	15	2820706	42408988	0.06651198561965213	0.16363636363636364	0.0	0.4	0.36363636363636365	38	6	1975218	1688754
GCA_001557505	Reticulascus_GCA_001557505.1	46	43	3957835	42868360	0.0923253187199137	0.21739130434782608	0.0	0.3695652173913043	0.5217391304347826	32	29	3068951	3005175
GCA_002214945	Rhizophlyctis_GCA_002214945.1	10	3	306334	46568862	0.006578086447549438	0.5	0.0	0.4	0.0	4	0	118317	60545
GCA_001270325	Talaromyces_GCA_001270325.1	46	37	2749749	38748549	0.07096392177162557	0.1956521739130435	0.043478260869565216	0.41304347826086957	0.41304347826086957	36	29	2351631	1882010
GCA_000225545	Orbilia_GCF_000225545.1	21	18	1103214	39966211	0.027603667508035726	0.2857142857142857	0.09523809523809523	0.23809523809523808	0.23809523809523808	10	7	636398	335650
GCA_000732205	Verticillium_GCA_000732205.1	31	30	2088665	35973570	0.05806109874555125	0.0967741935483871	0.0	0.3870967741935484	0.41935483870967744	21	21	1410178	1109042
GCA_027604245	Boothiomyces_GCA_027604245.1	6	1	170454	12849375	0.013265547935210856	0.5	0.0	0.5	0.0	3	0	90386	90386
GCA_002374405	Metschnikowia_GCA_002374405.1	3	3	126603	20362124	0.006217573372993898	0.6666666666666666	0.0	0.3333333333333333	0.0	1	1	64170	0
GCA_000338955	Baudoinia_GCF_000338955.1	21	21	1293462	21865565	0.05915520591395649	0.2857142857142857	0.047619047619047616	0.38095238095238093	0.09523809523809523	10	10	659925	279381
GCA_002006685	Batrachochytrium_GCA_002006685.2	4	4	175193	73346731	0.002388559075659418	0.5	0.0	0.5	0.0	2	2	114005	66381
GCA_003184365	Evernia_GCA_003184365.1	84	47	5089503	40286858	0.1263315942881423	0.17857142857142858	0.011904761904761904	0.27380952380952384	0.5119047619047619	60	30	3778600	3091722
GCA_000002945	Schizosaccharomyces_GCA_000002945.2	4	4	233594	12590849	0.018552680601602006	0.25	0.0	0.75	0.0	3	3	202211	75005
GCA_025201845	Martensiomyces_GCA_025201845.1	6	3	147067	19261180	0.007635409668566516	0.5	0.3333333333333333	0.16666666666666666	0.0	1	0	36300	36300
GCA_027604165	Chytriomyces_GCA_027604165.1	11	1	369243	29776287	0.012400572307756168	0.45454545454545453	0.0	0.5454545454545454	0.09090909090909091	6	0	242731	163938
GCA_000002525	Yarrowia_GCA_000002525.1	3	3	186198	20501810	0.009082027391727853	0.3333333333333333	0.0	0.3333333333333333	0.0	1	1	64242	0
GCA_000226115	Thermothielavioides_GCF_000226115.1	29	28	2091629	36912256	0.05666489200768438	0.10344827586206896	0.0	0.2413793103448276	0.4827586206896552	18	17	1295672	1232024
GCA_002104995	Linderina_GCF_002104995.1	6	6	190944	26202545	0.007287231068585131	0.5	0.3333333333333333	0.16666666666666666	0.0	1	1	64218	64218
GCA_003990805	Paecilomyces_GCA_003990805.1	35	34	2187407	30833540	0.07094245422355007	0.2	0.02857142857142857	0.42857142857142855	0.2571428571428571	22	21	1486856	1020290
GCA_000203795	Batrachochytrium_GCA_000203795.1	4	4	192889	24130314	0.007993638209598102	0.5	0.0	0.5	0.0	2	2	130281	65626
GCA_002104975	Neocallimastix_GCA_002104975.1	33	26	2038726	193030081	0.01056170100244635	0.06060606060606061	0.0	0.6363636363636364	0.2727272727272727	30	23	1974071	1539134
GCA_900120095	Microbotryum_GCA_900120095.1	5	5	227782	33586740	0.006781902619902974	0.6	0.0	0.4	0.0	2	2	129729	64901
GCA_002104945	Piromyces_GCA_002104945.1	10	9	626259	56455805	0.01109290709786177	0.1	0.0	0.3	0.7	9	8	594068	529033
GCA_000950595	Mucor_GCA_000950595.1	11	8	423431	31788096	0.013320426615044827	0.6363636363636364	0.09090909090909091	0.2727272727272727	0.0	3	2	189657	64314
GCA_003671545	Ophiognomonia_GCA_003671545.1	97	33	5311010	51190975	0.1037489518416088	0.15463917525773196	0.010309278350515464	0.3402061855670103	0.41237113402061853	62	19	3611305	2866342
GCA_027603945	Terramyces_GCA_027603945.1	10	4	293934	15585454	0.01885950835952549	0.3	0.0	0.7	0.0	7	1	201429	197948
GCA_002705745	Coemansia_GCA_002705745.1	4	3	145583	20641002	0.007053097519199892	0.25	0.25	0.25	0.0	1	1	64152	64152
GCA_900119595	Hanseniaspora_GCA_900119595.1	3	2	118542	9035520	0.01311955482362941	0.6666666666666666	0.0	0.3333333333333333	0.0	1	1	64098	0
GCA_000388065	Fonticula_GCA_000388065.2	3	3	113902	25403499	0.004483713050710061	0.3333333333333333	0.3333333333333333	0.0	0.3333333333333333	1	1	65349	65349
GCA_027604465	Kappamyces_GCA_027604465.1	3	0	115705	11695702	0.009892950418880372	0.3333333333333333	0.0	0.6666666666666666	0.0	2	0	84782	84782
GCA_003574815	Aspergillus_GCA_003574815.1	53	44	3623676	31178067	0.11622516559477533	0.16981132075471697	0.0	0.41509433962264153	0.4339622641509434	39	31	3021646	2573377
GCA_000516985	Pestalotiopsis_GCF_000516985.1	92	91	6120631	51862766	0.11801589988470727	0.09782608695652174	0.010869565217391304	0.3695652173913043	0.34782608695652173	59	58	3975389	2991406
GCA_027603065	Geranomyces_GCA_027603065.1	16	13	870820	24132271	0.036085290108005166	0.25	0.0625	0.5625	0.1875	10	8	664728	350250
GCA_027604085	Chytriomyces_GCA_027604085.1	11	1	378624	28403704	0.013330092441464677	0.36363636363636365	0.0	0.6363636363636364	0.09090909090909091	7	0	292809	154853
GCA_002104905	Basidiobolus_GCA_002104905.1	34	11	1584518	89489060	0.017706276052067146	0.17647058823529413	0.058823529411764705	0.6764705882352942	0.058823529411764705	25	4	1320107	972773
GCA_000442015	Rozella_GCA_000442015.1	1	0	9832	11482583	0.000856253336030752	0.0	0.0	0.0	0.0	0	0	0	0
GCA_027601485	Geranomyces_GCA_027601485.1	14	12	757557	23746804	0.03190142976713835	0.21428571428571427	0.07142857142857142	0.5714285714285714	0.21428571428571427	10	8	643018	387621
GCA_027604545	Entophlyctis_GCA_027604545.1	7	1	205570	26942938	0.007629828640068875	0.7142857142857143	0.0	0.2857142857142857	0.0	2	0	76268	0
GCA_001599975	Cystobasidiopsis_GCA_001599975.1	8	8	426531	22128637	0.01927506877174586	0.25	0.0	0.5	0.125	5	5	322051	125971
GCA_025449115	Chytridium_GCA_025449115.1	6	5	312706	42380874	0.0073784698257992505	0.5	0.16666666666666666	0.5	0.0	3	2	217232	151969
GCA_027596035	Thoreauomyces_GCA_027596035.1	15	0	414522	26324326	0.01574672795041362	0.13333333333333333	0.06666666666666667	0.8	0.13333333333333333	13	0	365473	249117
GCA_002240705	Elaphomyces_GCA_002240705.1	35	0	584744	53858501	0.010857041862342215	0.2571428571428571	0.0	0.22857142857142856	0.5428571428571428	24	0	436869	394884
GCA_000261425	Cladosporium_GCA_000261425.2	21	17	1273538	26716808	0.0476680447754088	0.19047619047619047	0.047619047619047616	0.5714285714285714	0.23809523809523808	15	11	965042	507078
GCA_025399195	Umbelopsis_GCF_025399195.1	11	8	433491	23060122	0.018798296036768584	0.5454545454545454	0.09090909090909091	0.36363636363636365	0.0	4	2	225259	49587
GCA_001600455	Endocalyx_GCA_001600455.1	86	80	6754477	44683250	0.15116351205429326	0.16279069767441862	0.011627906976744186	0.32558139534883723	0.5348837209302325	59	55	4819664	4175582
GCA_025526955	Gorgonomyces_GCA_025526955.1	4	4	157542	13983420	0.01126634256855619	0.75	0.0	0.25	0.0	1	1	64109	0
GCA_002105025	Clohesyomyces_GCA_002105025.1	66	29	4202908	49677730	0.08460346316146088	0.045454545454545456	0.015151515151515152	0.2878787878787879	0.3787878787878788	39	15	2366953	1984816
GCA_002105095	Pseudomassariella_GCF_002105095.1	65	63	4469028	44711451	0.09995264971382835	0.1076923076923077	0.0	0.24615384615384617	0.5230769230769231	46	46	3241489	2703443
GCA_027595885	Globomyces_GCA_027595885.1	16	2	337391	16104292	0.020950377700553368	0.125	0.0625	0.875	0.0	14	1	281434	281434
GCA_000151295	Allomyces_GCA_000151295.1	10	10	329435	52624944	0.006260054167468568	0.4	0.4	0.2	0.0	2	2	132599	0
GCA_000003515	Uncinocarpus_GCA_000003515.2	23	23	1514770	22166369	0.06833640638211878	0.08695652173913043	0.043478260869565216	0.4782608695652174	0.34782608695652173	15	15	1093462	962749
GCA_006535955	Synchytrium_GCA_006535955.1	4	1	136332	21374948	0.006378120779521896	0.5	0.0	0.5	0.0	2	0	78640	50274
GCA_025603075	Neoconidiobolus_GCA_025603075.1	6	1	203739	24606469	0.008279895827394008	0.3333333333333333	0.16666666666666666	0.5	0.0	3	1	126979	0
GCA_006536005	Powellomyces_GCA_006536005.1	11	6	563266	26187520	0.021508947773595972	0.36363636363636365	0.18181818181818182	0.6363636363636364	0.0	7	2	436826	329979
GCA_000442125	Gyalolechia_GCA_000442125.1	41	40	3087933	34383966	0.0898073538113666	0.17073170731707318	0.024390243902439025	0.36585365853658536	0.43902439024390244	29	29	2387478	1623739
GCA_001566295	Microdochium_GCA_001566295.1	45	35	2814412	38805954	0.07252526248935924	0.24444444444444444	0.022222222222222223	0.37777777777777777	0.3333333333333333	27	21	1913802	1529556
GCA_027603655	Entophlyctis_GCA_027603655.1	8	0	174823	25900143	0.006749885512215126	0.75	0.0	0.25	0.0	2	0	76184	0
GCA_000002865	Monosiga_GCA_000002865.1	4	4	159926	38648792	0.004137930106586514	0.75	0.0	0.0	0.25	1	1	62433	62433
GCA_001692735	Lepidopterella_GCA_001692735.1	40	8	1663867	45634574	0.036460666861927976	0.125	0.025	0.325	0.475	30	6	1200963	895854
GCA_001661425	Candida_GCA_001661425.1	3	2	127836	13099731	0.009758673670474607	0.6666666666666666	0.0	0.3333333333333333	0.0	1	1	64170	0
GCA_003019895	Coniella_GCA_003019895.1	44	16	2712082	36366900	0.07457556184332456	0.06818181818181818	0.0	0.3181818181818182	0.4090909090909091	27	9	1636209	1385172
GCA_002927785	Cladonia_GCA_002927785.1	68	3	2654059	32851025	0.08079075158233266	0.11764705882352941	0.0	0.19117647058823528	0.5294117647058824	47	2	1958945	1634510
GCA_027600645	Nowakowskiella_GCA_027600645.1	8	4	295659	22616348	0.013072800259352218	0.5	0.0	0.375	0.125	3	1	145301	40354
GCA_001481775	Trichoderma_GCF_001481775.2	46	41	3137760	37907704	0.08277367576785975	0.15217391304347827	0.021739130434782608	0.5217391304347826	0.34782608695652173	35	32	2549605	1800029
GCA_002104895	Anaeromyces_GCA_002104895.1	37	13	2189531	71677735	0.030546877632224287	0.02702702702702703	0.0	0.8648648648648649	0.10810810810810811	36	13	2156927	1873127
GCA_027602705	Geranomyces_GCA_027602705.1	15	8	697394	23386681	0.029820135657556538	0.26666666666666666	0.06666666666666667	0.6	0.13333333333333333	10	5	560429	256659
GCA_003707925	Zygoascus_GCA_003707925.2	4	4	154971	13045382	0.011879376165450732	0.75	0.0	0.25	0.0	1	1	64173	64173
GCA_003049485	Ophioceras_GCA_003049485.1	33	11	1716453	42851467	0.04005587486654774	0.18181818181818182	0.0	0.2727272727272727	0.3939393939393939	19	5	1110338	989202
GCA_002105105	Protomyces_GCF_002105105.1	6	6	266007	12928838	0.020574702846458435	0.6666666666666666	0.0	0.3333333333333333	0.0	2	2	140809	76210
GCA_000182925	Neurospora_GCA_000182925.2	20	19	1255064	41061603	0.030565392198643584	0.15	0.0	0.3	0.4	13	12	829447	724275
GCA_003705835	Kockiozyma_GCA_003705835.2	5	5	278149	14037781	0.01981431395745524	0.4	0.2	0.6	0.0	3	3	215437	87821
GCA_000417875	Pseudozyma_GCF_000417875.1	11	9	595011	22963180	0.025911524449139883	0.18181818181818182	0.0	0.6363636363636364	0.18181818181818182	8	6	482078	160854
GCA_001447215	Diaporthe_GCA_001447215.1	95	18	4507020	54751262	0.08231810254894216	0.08421052631578947	0.010526315789473684	0.3473684210526316	0.5157894736842106	72	12	3499216	2996801
GCA_001642045	Paraphaeosphaeria_GCF_001642045.1	74	69	5545732	38084891	0.14561501567642665	0.06756756756756757	0.013513513513513514	0.21621621621621623	0.28378378378378377	35	31	2431541	1892169
GCA_001566745	Conidiobolus_GCA_001566745.1	9	5	417335	31710747	0.013160680194635592	0.2222222222222222	0.0	0.7777777777777778	0.0	7	3	354535	143660
GCA_002104935	Hesseltinella_GCA_002104935.1	10	10	403269	27216191	0.014817246101778165	0.6	0.1	0.3	0.0	3	3	196914	64441
GCA_000498615	Helminthosporium_GCA_000498615.1	47	0	1699501	33028319	0.05145587336733668	0.06382978723404255	0.02127659574468085	0.3617021276595745	0.3617021276595745	31	0	1163892	886670
GCA_006535985	Synchytrium_GCF_006535985.1	6	5	213949	26237362	0.008154363994368032	0.6666666666666666	0.0	0.16666666666666666	0.0	1	1	64615	0
GCA_004000055	Arthrobotrys_GCA_004000055.1	12	12	642452	36645795	0.01753139753142209	0.16666666666666666	0.16666666666666666	0.16666666666666666	0.3333333333333333	6	6	402015	337581
GCA_001660795	Leptoxyphium_GCA_001660795.1	24	16	1430559	24901912	0.05744775742521297	0.16666666666666666	0.041666666666666664	0.4583333333333333	0.2916666666666667	18	13	1216019	933366
GCA_002989075	Arthonia_GCA_002989075.1	31	30	2021288	33401249	0.06051534180652945	0.16129032258064516	0.03225806451612903	0.3225806451612903	0.3870967741935484	21	21	1519785	1064695
GCA_000401635	Mucor_GCA_000401635.1	13	7	500038	34134616	0.014649000299285628	0.5384615384615384	0.07692307692307693	0.38461538461538464	0.0	5	2	280389	50438
GCA_027604645	Allomyces_GCA_027604645.1	6	2	160241	29927322	0.0053543380861140865	0.3333333333333333	0.3333333333333333	0.3333333333333333	0.0	2	1	81475	0
GCA_002319055	Knufia_GCA_002319055.1	14	12	792444	27718321	0.02858917753351655	0.2857142857142857	0.0	0.5	0.14285714285714285	9	7	576295	261596
GCA_002794465	Paramicrosporidium_GCA_002794465.1	0	0	0	7164192	0.0	0.0	0.0	0.0	0.0	0	0	0	0
GCA_000365145	Cyphellophora_GCA_000365145.2	21	18	1491602	28719617	0.051936695395345976	0.19047619047619047	0.047619047619047616	0.42857142857142855	0.14285714285714285	10	8	671920	436010
GCA_001636725	Cordyceps_GCF_001636725.1	46	32	3133737	33399778	0.09382508470565283	0.06521739130434782	0.021739130434782608	0.5434782608695652	0.21739130434782608	28	18	1844284	1577267
GCA_004216415	Aeminium_GCA_004216415.1	12	8	673408	22581462	0.029821275522373174	0.25	0.08333333333333333	0.4166666666666667	0.25	8	5	499323	264168
GCA_027604725	Entophlyctis_GCA_027604725.1	8	2	246603	27691203	0.008905463587118263	0.75	0.0	0.25	0.0	2	0	78624	0
GCA_000968615	Thielaviopsis_GCA_000968615.1	11	5	527486	27394489	0.019255186691016578	0.18181818181818182	0.0	0.2727272727272727	0.45454545454545453	8	3	411608	302336
GCA_002127715	Hortaea_GCA_002127715.1	29	19	1828911	49768822	0.036748127170862115	0.10344827586206896	0.06896551724137931	0.5862068965517241	0.06896551724137931	19	14	1269185	566362
GCA_006535975	Chytriomyces_GCA_006535975.1	11	2	385722	35874199	0.010752072819800102	0.45454545454545453	0.0	0.5454545454545454	0.09090909090909091	6	1	290775	141143
GCA_006535965	Spizellomyces_GCA_006535965.1	12	6	600589	22930083	0.02619218604660088	0.3333333333333333	0.08333333333333333	0.6666666666666666	0.08333333333333333	9	4	517666	211153
GCA_027604185	Boothiomyces_GCA_027604185.1	10	2	274584	15700521	0.017488846389237655	0.4	0.0	0.5	0.0	5	0	126828	104071
GCA_001929475	Neolecta_GCA_001929475.1	7	2	193498	12984181	0.01490259570472716	0.5714285714285714	0.0	0.2857142857142857	0.14285714285714285	3	0	89251	60372
GCA_004014935	Saccharomycopsis_GCA_004014935.1	3	3	127608	16952356	0.007527449281975909	0.6666666666666666	0.0	0.3333333333333333	0.0	1	1	64005	0
GCA_003988795	Proliferodiscus_GCA_003988795.1	63	49	4722183	34008678	0.138852295287691	0.09523809523809523	0.015873015873015872	0.31746031746031744	0.42857142857142855	40	32	3225613	2683526
GCA_003790465	Morchella_GCA_003790465.1	12	11	676359	47195706	0.014330943582028416	0.3333333333333333	0.08333333333333333	0.5833333333333334	0.08333333333333333	7	7	486588	167393
GCA_000182895	Coprinopsis_GCF_000182895.1	18	18	901156	36192556	0.024898932255572114	0.5	0.05555555555555555	0.16666666666666666	0.1111111111111111	5	5	331262	200480
GCA_000464535	Endocarpon_GCF_000464535.1	35	22	1989075	36775230	0.054087357169486094	0.17142857142857143	0.02857142857142857	0.2857142857142857	0.5142857142857142	25	16	1609299	1409448
GCA_003614675	Dimargaris_GCA_003614675.1	32	0	609786	30652850	0.0198932888785219	0.09375	0.03125	0.875	0.0	28	0	533080	466244
GCA_900618795	Cyanodermella_GCA_900618795.1	61	57	4326105	28302436	0.15285274384155484	0.09836065573770492	0.0	0.32786885245901637	0.22950819672131148	32	32	2211199	1276017
GCA_001651415	Linnemannia_GCA_001651415.1	6	4	217495	49697767	0.004376353569366607	0.3333333333333333	0.0	0.5	0.0	3	1	83641	0
GCA_001510565	Knoxdaviesia_GCA_001510565.1	11	9	626701	35138057	0.017835391410515385	0.18181818181818182	0.0	0.36363636363636365	0.36363636363636365	8	6	472427	343070
GCA_003706095	Ogataea_GCA_003706095.1	4	3	145149	11245592	0.012907190657459384	0.75	0.0	0.25	0.0	1	1	64161	0
GCA_002798055	Coniochaeta_GCA_002798055.1	32	3	1484337	30791717	0.04820572363665203	0.21875	0.03125	0.21875	0.375	17	2	912601	881251
GCA_000963775	Clonostachys_GCA_000963775.2	65	41	4203312	54564997	0.07703312070190346	0.09230769230769231	0.015384615384615385	0.47692307692307695	0.47692307692307695	54	36	3800256	3227797
GCA_025526995	Powellomyces_GCA_025526995.1	11	7	586050	29428253	0.019914535871361442	0.36363636363636365	0.18181818181818182	0.6363636363636364	0.0	7	3	462877	340648
GCA_003706805	Trigonopsis_GCA_003706805.2	5	4	296322	11206332	0.026442372044661894	0.4	0.2	0.4	0.0	2	2	142421	78159
GCA_002102555	Catenaria_GCA_002102555.1	7	5	202967	41337528	0.004909993650321809	0.42857142857142855	0.42857142857142855	0.14285714285714285	0.0	1	1	64060	0
GCA_900536445	Hymenoscyphus_GCA_900536445.1	73	19	4001601	57164173	0.07000190486443318	0.0958904109589041	0.0136986301369863	0.3150684931506849	0.3561643835616438	42	11	2344380	1812186
GCA_003013795	Elsinoe_GCA_003013795.1	25	22	1562526	23210997	0.06731834914286534	0.24	0.04	0.52	0.2	16	14	1134747	649080
GCA_025201865	Ramicandelaber_GCA_025201865.1	4	1	111132	22015078	0.00504799483335921	0.5	0.25	0.25	0.0	1	0	49548	0
GCA_001956345	Ramalina_GCA_001956345.1	50	9	1929509	26808612	0.07197347628441189	0.04	0.02	0.32	0.5	39	6	1533317	1186457
GCA_025765615	Zopfochytrium_GCA_025765615.1	17	12	938506	81192468	0.011559027864505855	0.23529411764705882	0.0	0.5882352941176471	0.11764705882352941	12	7	769925	452003
GCA_001638985	Phycomyces_GCA_001638985.2	10	10	385114	53368560	0.007216121251913112	0.7	0.1	0.2	0.0	2	2	150247	64436
GCA_000313485	Wickerhamomyces_GCF_000313485.1	3	2	113671	15885344	0.0071557153562428364	0.6666666666666666	0.0	0.3333333333333333	0.0	1	1	64188	0
GCA_027596075	Rhizophlyctis_GCA_027596075.1	14	5	487318	48126640	0.010125743247398946	0.42857142857142855	0.0	0.42857142857142855	0.07142857142857142	6	1	263338	201758
GCA_004155245	Ramularia_GCA_004155245.1	40	34	2926567	32739296	0.08939004064106937	0.225	0.05	0.525	0.4	31	27	2584896	2400576
GCA_027596135	Rhizophlyctis_GCA_027596135.1	10	0	198886	38858396	0.005118224643137612	0.4	0.0	0.4	0.0	4	0	93820	75402
GCA_025349905	Blastocladiella_GCA_025349905.2	6	0	101913	19020768	0.005357985545063165	0.5	0.3333333333333333	0.16666666666666666	0.0	1	0	5096	0
GCA_027604745	Chytriomyces_GCA_027604745.1	11	1	312302	29545400	0.010570241052752713	0.36363636363636365	0.0	0.6363636363636364	0.09090909090909091	7	0	218206	160996
GCA_000001215	Drosophila_GCA_000001215.4	3	3	182201	142470512	0.0012788681492209419	0.3333333333333333	0.0	0.3333333333333333	0.3333333333333333	2	2	144767	81791
GCA_000400465	Wallemia_GCF_000400465.1	8	5	376695	9624672	0.03913847661509919	0.375	0.0	0.625	0.0	5	2	278244	73584
GCA_025435555	Chytriomyces_GCA_025435555.1	11	8	597665	38100491	0.015686543252159138	0.45454545454545453	0.0	0.5454545454545454	0.0	6	4	437588	223936
GCA_000467715	Hysterium_GCA_000467715.1	59	11	2834001	38112825	0.07435819832300544	0.1016949152542373	0.0	0.22033898305084745	0.4576271186440678	37	8	1797060	1594342
GCA_003073855	Periconia_GCA_003073855.1	122	45	6700813	53989243	0.1241138535689415	0.10655737704918032	0.00819672131147541	0.29508196721311475	0.4016393442622951	76	30	4491176	3874896
GCA_003313425	Pseudopyrenochaeta_GCA_003313425.1	56	46	3351049	62731430	0.053418979927605664	0.10714285714285714	0.017857142857142856	0.26785714285714285	0.48214285714285715	41	32	2558545	2239503
GCA_025786725	Syncephalis_GCA_025786725.1	6	6	237973	29358178	0.008105850437993802	0.5	0.16666666666666666	0.16666666666666666	0.0	1	1	64770	64770
GCA_000738655	Venturia_GCA_000738655.1	37	28	2340445	39145172	0.059788854676638026	0.1891891891891892	0.02702702702702703	0.2702702702702703	0.24324324324324326	18	14	1166738	781842
GCA_003788615	Terfezia_GCA_003788615.2	8	8	438430	59614192	0.007354456804513932	0.25	0.25	0.25	0.375	5	5	357615	293089
GCA_025399215	Globomyces_GCA_025399215.1	16	1	384909	21545735	0.017864742140381844	0.1875	0.0	0.8125	0.0	13	0	313731	313731
GCA_002818225	Malassezia_GCA_002818225.1	5	5	300681	7581587	0.03965937474568319	0.2	0.0	0.6	0.2	4	4	269010	139974
GCA_027604105	Chytriomyces_GCA_027604105.1	9	2	344504	29515939	0.011671795364531687	0.2222222222222222	0.0	0.7777777777777778	0.1111111111111111	7	0	276190	137064
GCA_027597005	Phlyctochytrium_GCA_027597005.1	6	0	128174	40169449	0.0031908329138395698	0.5	0.0	0.3333333333333333	0.16666666666666666	3	0	53929	37632
GCA_000604185	Neurospora_GCA_000604185.2	12	4	577560	34340910	0.016818424438956335	0.16666666666666666	0.0	0.16666666666666666	0.3333333333333333	6	2	233175	214312
GCA_003614145	Piptocephalis_GCA_003614145.1	3	0	20024	10747656	0.0018631039177286657	0.6666666666666666	0.3333333333333333	0.0	0.0	0	0	0	0
GCA_000836435	Fonsecaea_GCF_000836435.1	29	26	1937094	33428689	0.057947052605024384	0.13793103448275862	0.034482758620689655	0.3448275862068966	0.20689655172413793	15	13	970123	551818
GCA_003118255	Trichophyton_GCA_003118255.1	41	17	2131043	22631310	0.09416348412884627	0.17073170731707318	0.024390243902439025	0.5121951219512195	0.2682926829268293	28	11	1629563	1462723
GCA_002157105	Piromyces_GCA_002157105.1	56	9	1565310	42785546	0.036585018688320585	0.017857142857142856	0.0	0.9107142857142857	0.05357142857142857	54	9	1520907	1325022
GCA_025399175	Geranomyces_GCA_025399175.1	13	7	625272	23655683	0.026432210813782043	0.23076923076923078	0.07692307692307693	0.5384615384615384	0.23076923076923078	9	4	512679	263005
GCA_003988815	Chlorencoelia_GCA_003988815.1	39	26	2467271	42153480	0.05853065986485576	0.10256410256410256	0.02564102564102564	0.3333333333333333	0.38461538461538464	26	17	1679377	1334545
GCA_000146915	Parastagonospora_GCA_000146915.2	54	43	3566149	37047270	0.09625942748278078	0.09259259259259259	0.018518518518518517	0.3333333333333333	0.4074074074074074	35	26	2285447	1883216
GCA_027604345	Boothiomyces_GCA_027604345.1	9	0	203421	14240447	0.014284734180043645	0.3333333333333333	0.0	0.6666666666666666	0.0	6	0	117058	96899
GCA_027596065	Siphonaria_GCA_027596065.1	7	0	214745	37595823	0.0057119377330827415	0.5714285714285714	0.0	0.42857142857142855	0.14285714285714285	3	0	111639	91865
GCA_027596845	Quaeritorhiza_GCA_027596845.1	15	0	196724	48206616	0.0040808506450649845	0.26666666666666666	0.0	0.6666666666666666	0.0	10	0	123230	71540
GCA_000149925	Puccinia_GCA_000149925.1	5	4	221016	81594436	0.0027087141088885033	0.6	0.0	0.4	0.0	2	2	130100	65714
GCA_001636715	Ascosphaera_GCA_001636715.1	14	10	750100	20034979	0.0374395201512315	0.21428571428571427	0.0	0.5	0.07142857142857142	8	6	487641	205940
GCA_001599695	Phaeotremella_GCA_001599695.1	6	6	285896	20507383	0.013941125496120105	0.5	0.0	0.3333333333333333	0.16666666666666666	3	3	189957	61703
GCA_001599595	Beverwykella_GCA_001599595.1	61	53	4416498	44295518	0.09970530201272282	0.09836065573770492	0.01639344262295082	0.36065573770491804	0.3770491803278688	38	31	2776083	2423817
GCA_027596195	Podochytrium_GCA_027596195.1	6	1	139734	32060568	0.004358438066349916	0.5	0.0	0.5	0.3333333333333333	3	1	104525	94003
GCA_025526975	Fimicolochytrium_GCF_025526975.1	10	10	595746	30619153	0.01945664532261882	0.3	0.1	0.6	0.2	7	7	501337	372571
GCA_003868215	Pseudophaeomoniella_GCA_003868215.1	34	25	1845198	26600371	0.06936737837227909	0.17647058823529413	0.029411764705882353	0.4117647058823529	0.35294117647058826	24	18	1402898	958021
GCA_000697415	Umbelopsis_GCA_000697415.1	14	12	634469	21858076	0.029026754230335735	0.42857142857142855	0.07142857142857142	0.42857142857142855	0.07142857142857142	6	4	364370	71625
GCA_000611775	Umbilicaria_GCA_000611775.1	31	31	1813591	34592441	0.052427378570942706	0.16129032258064516	0.0	0.1935483870967742	0.5806451612903226	23	23	1455808	1203056
GCA_001630345	Calocera_GCA_001630345.1	15	13	851086	28798163	0.029553482282880336	0.3333333333333333	0.06666666666666667	0.26666666666666666	0.13333333333333333	6	6	457245	129253
GCA_001513895	Graphilbum_GCA_001513895.1	22	19	1351256	34074671	0.03965573137888844	0.13636363636363635	0.0	0.2727272727272727	0.45454545454545453	16	13	1057975	823754
GCA_003019875	Amorphotheca_GCF_003019875.1	20	20	1390539	28460023	0.04885937723943512	0.15	0.05	0.35	0.3	13	13	880535	626554
GCA_027604605	Borealophlyctis_GCA_027604605.1	8	0	120199	38357164	0.0031336779747324385	0.625	0.0	0.375	0.0	3	0	52433	0
GCA_003615045	Caulochytrium_GCA_003615045.1	3	2	153409	21789741	0.007040423289106557	0.3333333333333333	0.0	0.6666666666666666	0.0	2	1	122884	0
GCA_027604005	Dinochytrium_GCA_027604005.1	7	0	216813	31461064	0.006891470676261935	0.42857142857142855	0.0	0.5714285714285714	0.0	4	0	149522	97284
GCA_000146045	Saccharomyces_GCF_000146045.2	3	3	135159	12157105	0.011117696194941148	0.3333333333333333	0.0	0.3333333333333333	0.0	1	1	64179	0
GCA_002105155	Lobosporangium_GCF_002105155.1	4	4	166881	42768949	0.003901919591243638	0.75	0.0	0.25	0.0	1	1	64848	64848
GCA_025526915	Entophlyctis_GCA_025526915.1	4	4	160962	30915201	0.005206564886962889	0.75	0.0	0.25	0.0	1	1	64620	0
GCA_003012165	Paramyrothecium_GCA_003012165.1	79	18	3767193	44736802	0.08420791901933446	0.12658227848101267	0.012658227848101266	0.43037974683544306	0.46835443037974683	59	13	3015628	2618066
GCA_000697055	Saksenaea_GCA_000697055.1	9	3	249608	41822797	0.005968228284684069	0.6666666666666666	0.1111111111111111	0.2222222222222222	0.0	2	0	106953	55282
GCA_025526935	Cladochytrium_GCA_025526935.1	12	10	618779	50665862	0.012212937381781839	0.4166666666666667	0.0	0.4166666666666667	0.16666666666666666	7	5	460297	203320
GCA_001662655	Pseudogymnoascus_GCF_001662655.1	33	26	2232339	30157364	0.0740230147435963	0.12121212121212122	0.0	0.36363636363636365	0.3939393939393939	23	18	1553071	1298561
GCA_001604925	Phyllosticta_GCA_001604925.1	26	6	1198186	32358281	0.03702872844203312	0.19230769230769232	0.038461538461538464	0.5	0.19230769230769232	17	5	911073	476936
GCA_003705295	Sporopachydermia_GCA_003705295.1	3	3	128135	16343406	0.007840165018234264	0.6666666666666666	0.0	0.3333333333333333	0.0	1	1	64308	0
GCA_003705335	Priceomyces_GCA_003705335.1	3	2	120171	11041343	0.010883730357801583	0.6666666666666666	0.0	0.3333333333333333	0.0	1	1	64200	0
GCA_000442885	Zygosaccharomyces_GCA_000442885.1	4	4	170328	10254824	0.016609548832822483	0.5	0.0	0.25	0.0	1	1	64125	0
GCA_003550325	Gigaspora_GCA_003550325.1	23	18	1080977	522850900	0.002067467035057222	0.30434782608695654	0.13043478260869565	0.5652173913043478	0.21739130434782608	13	10	815939	394724
GCA_900465125	Plenodomus_GCA_900465125.1	33	21	1912441	34950111	0.054719168130825106	0.18181818181818182	0.030303030303030304	0.3333333333333333	0.42424242424242425	24	14	1452729	1166435
GCA_000143565	Laccaria_GCF_000143565.1	19	18	1035640	58682807	0.017648099212432017	0.42105263157894735	0.05263157894736842	0.21052631578947367	0.05263157894736842	5	5	332619	66638
GCA_000218685	Serpula_GCA_000218685.1	37	37	2291438	42400076	0.05404325218662344	0.32432432432432434	0.0	0.4864864864864865	0.21621621621621623	23	23	1703441	1059317
GCA_000264905	Stereum_GCF_000264905.1	56	52	3539980	45647470	0.07755040969411886	0.30357142857142855	0.017857142857142856	0.375	0.08928571428571429	24	22	1606957	442512
GCA_000264995	Punctularia_GCF_000264995.1	35	32	1949030	33070030	0.058936444871685936	0.4	0.0	0.42857142857142855	0.11428571428571428	16	15	1151330	413509
GCA_000265015	Auricularia_GCA_000265015.1	45	34	2181837	69053342	0.031596399780332136	0.5111111111111111	0.0	0.2222222222222222	0.022222222222222223	11	8	737316	229762
GCA_000271625	Coniophora_GCF_000271625.1	43	42	2593152	41864232	0.06194194605074805	0.46511627906976744	0.0	0.4186046511627907	0.09302325581395349	19	18	1397478	711501
GCA_000313525	Fibroporia_GCF_000313525.1	45	10	1614987	28216918	0.05723470578891713	0.26666666666666666	0.0	0.24444444444444444	0.2222222222222222	21	6	966636	514605
GCA_000313545	Serendipita_GCA_000313545.1	6	2	218241	24831560	0.008788855794803065	0.6666666666666666	0.0	0.3333333333333333	0.0	2	1	126396	0
GCA_000349905	Volvariella_GCA_000349905.1	22	20	1097461	35597324	0.03082987361634262	0.5	0.045454545454545456	0.36363636363636365	0.045454545454545456	9	8	635103	132475
GCA_000442785	Papiliotrema_GCA_000442785.1	8	3	337802	22729856	0.014861598771237267	0.375	0.0	0.5	0.0	4	0	202038	0
GCA_000524645	Rhizoctonia_GCA_000524645.1	10	10	507180	46744031	0.010850155392032835	0.5	0.0	0.5	0.0	5	5	372483	64079
GCA_000697665	Jaapia_GCA_000697665.1	22	20	1002713	43275178	0.023170626819836535	0.5454545454545454	0.0	0.36363636363636365	0.13636363636363635	10	8	632861	193336
GCA_000697705	Botryobasidium_GCA_000697705.1	25	19	1437691	45748674	0.031425850725203534	0.24	0.08	0.4	0.2	14	11	966093	614892
GCA_000711695	Tilletiaria_GCF_000711695.1	8	2	301043	18704010	0.01609510473957189	0.25	0.0	0.625	0.125	6	0	237512	143363
GCA_000766925	Phlebopus_GCA_000766925.2	34	34	2134208	30248544	0.07055572658307124	0.47058823529411764	0.0	0.4117647058823529	0.14705882352941177	16	16	1381145	633330
GCA_000827205	Plicaturopsis_GCA_000827205.1	30	27	1504303	33356897	0.04509721033104488	0.5333333333333333	0.0	0.3333333333333333	0.03333333333333333	11	10	761324	67045
GCA_000827215	Sphaerobolus_GCA_000827215.1	86	70	4385115	122311697	0.0358519676168012	0.47674418604651164	0.011627906976744186	0.2558139534883721	0.12790697674418605	33	26	2161312	1013913
GCA_000827265	Collybiopsis_GCA_000827265.1	58	49	3223702	65218080	0.049429575357017565	0.3793103448275862	0.034482758620689655	0.41379310344827586	0.1206896551724138	29	24	2118770	835500
GCA_000827315	Piloderma_GCA_000827315.1	38	31	2406975	52312419	0.04601154077772622	0.2631578947368421	0.0	0.2894736842105263	0.13157894736842105	16	15	1069392	530988
GCA_000827335	Pisolithus_GCA_000827335.1	22	18	991749	61583381	0.016104166154826738	0.5454545454545454	0.0	0.3181818181818182	0.045454545454545456	8	7	507663	135118
GCA_000827355	Hebeloma_GCA_000827355.1	25	24	1310653	36208210	0.03619767450531247	0.48	0.04	0.28	0.08	9	9	621943	238578
GCA_000827425	Scleroderma_GCA_000827425.1	17	9	833964	52726854	0.015816684226978534	0.4117647058823529	0.0	0.47058823529411764	0.17647058823529413	10	4	575240	272388
GCA_000827465	Tulasnella_GCA_000827465.1	17	13	566508	52040856	0.010885831701154185	0.8823529411764706	0.0	0.11764705882352941	0.0	2	2	127802	0
GCA_000827475	Paxillus_GCA_000827475.1	31	27	1531398	49094164	0.03119307622796062	0.5161290322580645	0.0	0.45161290322580644	0.1935483870967742	18	15	1136964	645384
GCA_000934395	Fistulina_GCA_000934395.1	23	21	1109451	33507160	0.033110863469180914	0.4782608695652174	0.0	0.43478260869565216	0.08695652173913043	12	10	750921	251910
GCA_000987905	Tremella_GCA_000987905.1	4	0	81774	23069408	0.003544694341527966	0.75	0.0	0.25	0.0	1	0	27193	0
GCA_001006505	Tilletia_GCA_001006505.1	11	2	497270	20067784	0.024779517260102062	0.2727272727272727	0.0	0.5454545454545454	0.18181818181818182	7	1	400245	158211
GCA_001020605	Schizopora_GCA_001020605.1	34	14	1617884	44367805	0.03646527025621394	0.35294117647058826	0.0	0.29411764705882354	0.029411764705882353	11	5	609137	108031
GCA_001599655	Golubevia_GCA_001599655.1	9	8	445057	27608265	0.016120426256412707	0.3333333333333333	0.0	0.5555555555555556	0.0	5	4	315021	68028
GCA_001599735	Naganishia_GCA_001599735.1	6	5	306456	20603200	0.014874194299914576	0.3333333333333333	0.0	0.5	0.16666666666666666	4	4	253775	61766
GCA_001599915	Symbiotaphrina_GCA_001599915.1	17	12	987466	23664885	0.04172705677631647	0.29411764705882354	0.0	0.4117647058823529	0.23529411764705882	10	6	637367	352695
GCA_001599955	Cystobasidium_GCA_001599955.1	4	4	191297	21237208	0.009007634148518958	0.5	0.0	0.5	0.0	2	2	127471	0
GCA_001600015	Solicoccozyma_GCA_001600015.1	5	5	256776	21927784	0.011710075217814987	0.4	0.0	0.4	0.2	3	3	189232	126676
GCA_001600095	Bullera_GCA_001600095.1	6	6	313946	19407185	0.016176792255033382	0.5	0.0	0.6666666666666666	0.0	4	4	249612	122305
GCA_001600395	Mrakia_GCA_001600395.1	3	3	162675	28403616	0.005727263739940717	0.3333333333333333	0.0	0.6666666666666666	0.0	2	2	129895	0
GCA_001600615	Dioszegia_GCA_001600615.1	7	7	339584	20474481	0.016585719559875534	0.42857142857142855	0.0	0.42857142857142855	0.0	3	3	186526	0
GCA_001600635	Leucosporidium_GCA_001600635.1	5	5	247204	27430284	0.009012083141392192	0.4	0.0	0.4	0.0	2	2	131596	64675
GCA_001632375	Exidia_GCA_001632375.1	51	25	2611945	71697007	0.03643032128244907	0.43137254901960786	0.0	0.19607843137254902	0.0784313725490196	14	7	850119	388705
GCA_001632425	Neolentinus_GCA_001632425.1	36	26	2055670	34346619	0.059850723589416475	0.3611111111111111	0.0	0.4444444444444444	0.05555555555555555	17	9	1139105	276472
GCA_001683735	Grifola_GCA_001683735.1	26	24	1439626	39285133	0.036645567675690445	0.4230769230769231	0.0	0.34615384615384615	0.07692307692307693	10	9	661799	300064
GCA_001720245	Cryptococcus_GCA_001720245.1	3	3	131020	15630362	0.008382403427380633	0.6666666666666666	0.0	0.3333333333333333	0.0	1	1	64489	0
GCA_001895945	Trametes_GCA_001895945.1	32	12	1266400	39547191	0.03202250192687516	0.46875	0.0	0.3125	0.0625	12	4	545442	226946
GCA_001910725	Phanerodontia_GCA_001910725.1	40	33	2156431	39180953	0.05503773734140668	0.4	0.0	0.475	0.1	21	19	1427757	405237
GCA_002102565	Kockovaella_GCF_002102565.1	7	7	337869	17465713	0.019344701244088918	0.42857142857142855	0.0	0.42857142857142855	0.0	3	3	191136	0
GCA_002105065	Naematelia_GCA_002105065.1	7	6	311737	19786307	0.015755188676694443	0.42857142857142855	0.0	0.2857142857142857	0.0	2	2	127982	0
GCA_002162485	Stromatinia_GCA_002162485.1	53	48	3782269	56060548	0.06746757095560321	0.05660377358490566	0.018867924528301886	0.33962264150943394	0.3584905660377358	33	32	2431668	1805224
GCA_002307695	Armillaria_GCA_002307695.1	59	55	3289747	78368969	0.041977673586595224	0.4745762711864407	0.03389830508474576	0.3559322033898305	0.11864406779661017	25	22	1778948	805723
GCA_002335625	Cutaneotrichosporon_GCA_002335625.1	3	3	131612	19940834	0.006600125150231931	0.6666666666666666	0.0	0.3333333333333333	0.0	1	1	64291	0
GCA_002554575	Amanita_GCA_002554575.1	15	6	519550	33130127	0.01568210106770795	0.5333333333333333	0.06666666666666667	0.2	0.13333333333333333	5	0	244511	120098
GCA_002760635	Ganoderma_GCA_002760635.1	37	36	2189877	48447509	0.0452010236480889	0.5135135135135135	0.0	0.2702702702702703	0.08108108108108109	13	13	910568	325926
GCA_002794775	Porodaedalea_GCA_002794775.1	26	20	1258326	53346927	0.023587600462909513	0.5769230769230769	0.0	0.3076923076923077	0.11538461538461539	10	5	577441	294030
GCA_002806785	Rhodotorula_GCA_002806785.1	5	5	233537	19918828	0.011724434791042926	0.6	0.0	0.4	0.0	2	2	133171	68382
GCA_002917775	Glaciozyma_GCA_002917775.1	4	3	175825	19606075	0.008967883678910746	0.5	0.0	0.5	0.0	2	1	109130	44626
GCA_002938355	Panaeolus_GCA_002938355.1	30	6	887448	42940516	0.020666915134415244	0.36666666666666664	0.03333333333333333	0.23333333333333334	0.1	9	1	309101	179689
GCA_002938385	Gymnopilus_GCA_002938385.1	55	6	1552339	45480477	0.034131985906832064	0.43636363636363634	0.03636363636363636	0.18181818181818182	0.09090909090909091	13	1	499139	264714
GCA_002994785	Heterobasidion_GCA_002994785.1	30	26	1622088	37709264	0.04301563668810932	0.4666666666666667	0.03333333333333333	0.3	0.03333333333333333	10	9	663758	73335
GCA_003116875	Takashimella_GCA_003116875.1	5	5	226010	25079161	0.009011864471861718	0.6	0.0	0.4	0.0	2	2	128366	0
GCA_003144125	Testicularia_GCA_003144125.1	10	9	537183	20685001	0.025969686924356444	0.3	0.0	0.6	0.1	7	6	439605	138716
GCA_003144205	Meira_GCF_003144205.1	9	8	514512	17279528	0.029775813320826818	0.3333333333333333	0.0	0.6666666666666666	0.0	6	6	429915	179153
GCA_003144235	Violaceomyces_GCA_003144235.1	14	0	406239	27248639	0.014908597820243426	0.21428571428571427	0.0	0.5714285714285714	0.35714285714285715	11	0	334807	224568
GCA_003144295	Acaromyces_GCF_003144295.1	17	15	1018648	19314861	0.05273908002754977	0.11764705882352941	0.058823529411764705	0.7058823529411765	0.17647058823529413	14	12	920070	417739
GCA_003313735	Pleurotus_GCA_003313735.1	41	14	1516745	38201413	0.03970389786367326	0.4634146341463415	0.024390243902439025	0.3170731707317073	0.024390243902439025	14	3	609269	167618
GCA_003313825	Sarcodon_GCA_003313825.1	26	4	867279	34490643	0.025145341593080767	0.46153846153846156	0.0	0.34615384615384615	0.19230769230769232	13	1	495782	209667
GCA_003314125	Hygrophorus_GCA_003314125.1	19	2	445025	25767417	0.017270842475208128	0.42105263157894735	0.0	0.5263157894736842	0.05263157894736842	11	1	306413	222259
GCA_003314395	Albatrellus_GCA_003314395.1	13	1	314300	113861943	0.0027603604129608082	0.3076923076923077	0.07692307692307693	0.23076923076923078	0.07692307692307693	4	0	90824	23971
GCA_003316025	Coprinus_GCA_003316025.1	21	8	765022	29139504	0.026253775630498036	0.42857142857142855	0.047619047619047616	0.23809523809523808	0.09523809523809523	7	3	365053	186689
GCA_003316405	Thelephora_GCA_003316405.1	22	0	306527	26416793	0.011603490249554517	0.5909090909090909	0.0	0.2727272727272727	0.18181818181818182	7	0	130297	105057
GCA_003675405	Hericium_GCA_003675405.1	31	23	1556226	55905675	0.027836637336012847	0.3548387096774194	0.06451612903225806	0.5161290322580645	0.03225806451612903	16	11	973227	165545
GCA_003942215	Saitozyma_GCA_003942215.1	6	6	291366	29888215	0.00974852462751623	0.5	0.0	0.5	0.0	3	3	193273	0
GCA_004016185	Quambalaria_GCA_004016185.1	16	3	586321	23304799	0.025158809565360336	0.375	0.0	0.5	0.0625	9	0	385968	192778
GCA_004126415	Candolleomyces_GCA_004126415.1	20	7	720353	60557423	0.011895370778905172	0.65	0.05	0.2	0.1	5	3	314707	200650
GCA_004332605	Steccherinum_GCA_004332605.1	45	12	1925954	35258958	0.054623111664275505	0.37777777777777777	0.0	0.4	0.022222222222222223	19	4	916596	47435
GCA_900000165	Ceraceosorus_GCA_900000165.1	17	12	903100	24178739	0.037350996675219496	0.11764705882352941	0.0	0.5882352941176471	0.17647058823529413	12	9	745335	374472
GCA_900291925	Thecaphora_GCA_900291925.1	8	7	470550	20591595	0.02285155666668852	0.25	0.0	0.625	0.125	5	4	356784	168840
