Sample	AAI	Prop_Genes_Found	Mean_Syntenic_Correlation
GCA_022747945.1_ASM2274794v1	45.78666666666667	0.234375	0.9999482953719461
GCA_001884705.1_ASM188470v1	45.36666666666667	0.09375	0.9940214543706597
GCA_000696115.1_SoWt_assembly	40.68571428571428	0.109375	0.9758789053430373
GCA_002703955.1_ASM270395v1	35.46666666666667	0.234375	0.9972659873597947
GCA_023023025.1_ASM2302302v1	50.94375	0.25	0.9381020491234716
GCA_009811595.1_ASM981159v1	44.775	0.1875	0.9770813397045479
GCA_000220945.1_ASM22094v1	99.79193548387097	0.96875	0.9999761280928409
GCA_016464295.1_ASM1646429v1	40.825	0.125	0.9533718955287951
GCA_008761755.1_ASM876175v1	35.53333333333333	0.234375	0.9973142417230122
GCA_018070205.1_ASM1807020v1	34.885714285714286	0.109375	0.9934213263952603
GCA_002155905.1_ASM215590v1	60.635714285714286	0.21875	0.9872981025074974
GCA_005768555.2_ASM576855v2	42.3	0.125	0.9962174116079079
GCA_004794975.1_ASM479497v1	70.56	0.3125	0.9689036043907555
GCA_000375065.1_ASM37506v1	72.34848484848484	0.515625	0.9448881584643157
GCA_014854025.1_ASM1485402v1	42.1	0.125	0.9325133970894007
GCA_003002095.1_ASM300209v1	42.07	0.15625	0.9994237573385945
GCA_001279925.1_ASM127992v1	35.25	0.125	0.9681735918433868
GCA_003634815.1_ASM363481v1	40.7875	0.125	0.9201060537761296
GCA_023865235.1_ASM2386523v1	35.18571428571428	0.109375	0.9957940169311394
GCA_003949905.1_ASM394990v1	42.0875	0.125	0.9325225425717554
GCA_001270565.1_ASM127056v1	34.95	0.125	0.959432223298545
GCA_001393875.1_6540_7_15	42.715384615384615	0.203125	0.9988756059046394
GCA_006379315.1_ASM637931v1	40.62307692307692	0.203125	0.9993909976587256
GCA_000375005.1_ASM37500v1	72.50625	0.5	0.9409753927576632
GCA_003136275.1_20111000_P1S	60.0	0.109375	0.993166294416747
GCA_023865215.1_ASM2386521v1	35.46666666666667	0.234375	0.9973708586922301
GCA_013364255.1_ASM1336425v1	56.016666666666666	0.1875	0.9415216406135083
GCA_005981965.1_ASM598196v1	53.52608695652174	0.359375	0.988047446919836
GCA_013167895.1_ASM1316789v1	39.9	0.125	0.9306305460965296
GCA_016755835.1_ASM1675583v1	36.5625	0.125	0.9812097883211484
GCA_000787755.1_ASM78775v1	38.081818181818186	0.171875	0.9577111694051796
GCA_000429025.1_ASM42902v1	49.27272727272727	0.171875	0.9998964220996658
GCA_013390665.1_ASM1339066v1	37.3125	0.125	0.9523635541720195
GCA_014648995.1_ASM1464899v1	39.65	0.125	0.8649725918377332
GCA_014650755.1_ASM1465075v1	52.126315789473686	0.296875	0.9890266620153727
GCA_900090245.1_IMG_taxon_2622736531_annotated_assembly	74.25135135135135	0.578125	0.9715149374298074
GCA_020907265.1_ASM2090726v1	68.49444444444444	0.28125	0.9730856564773893
GCA_016612605.1_ASM1661260v1	39.42857142857143	0.109375	0.99342621040585
GCA_013364235.1_ASM1336423v1	40.614285714285714	0.21875	0.9770629584515731
GCA_001279625.1_ASM127962v1	34.9	0.125	0.9592424527829662
GCA_020496275.1_ASM2049627v1	37.3125	0.125	0.9523635541720195
GCA_014203555.1_ASM1420355v1	34.042857142857144	0.109375	0.9994932664975634
GCA_020741675.1_ASM2074167v1	32.857142857142854	0.109375	0.9999794414433834
GCA_002080455.1_ASM208045v1	35.266666666666666	0.140625	0.9802788614286817
GCA_002777535.1_ASM277753v1	43.839999999999996	0.15625	0.9522440707814193
GCA_001722325.1_ASM172232v1	31.914285714285715	0.109375	0.9945045097773627
GCA_005049235.1_ASM504923v1	39.4	0.1875	0.9222136116112065
GCA_011602315.1_ASM1160231v1	57.207692307692305	0.203125	0.9971201828715182
GCA_020400595.1_ASM2040059v1	65.71428571428571	0.21875	0.9030427632517507
GCA_000749605.1_ASM74960v1	35.46666666666667	0.234375	0.9972705824636771
GCA_003935055.1_ASM393505v1	39.7	0.09375	0.9919963787200299
GCA_023072595.1_ASM2307259v1	41.457142857142856	0.109375	0.9998124372692132
GCA_010548275.1_ASM1054827v1	40.45	0.09375	0.9909985633106715
GCA_015910535.1_ASM1591053v1	33.61666666666667	0.09375	0.9973861788956055
GCA_900142575.1_IMG_taxon_2667527448_annotated_assembly	35.857142857142854	0.109375	0.9921570796540772
GCA_900111245.1_IMG_taxon_2675903055_annotated_assembly	32.0	0.09375	0.9306863751242587
GCA_008014485.1_ASM801448v1	35.17142857142857	0.109375	0.9956758088792312
GCA_000237305.1_ASM23730v1	41.042857142857144	0.109375	0.9132346979833668
GCA_900215615.1_IMG_taxon_2738541359_annotated_assembly	39.6875	0.125	0.8648836309875636
GCA_018070605.1_ASM1807060v1	40.04	0.15625	0.9930889325875984
GCA_014650195.1_ASM1465019v1	40.95384615384615	0.203125	0.9996882799535287
GCA_003265665.1_ASM326566v1	32.0	0.09375	0.9306863751242587
GCA_020819595.1_ASM2081959v1	39.83	0.15625	0.931739278036931
GCA_002154575.1_ASM215457v1	40.86363636363636	0.171875	0.7519029789154367
GCA_000982955.1_ASM98295v1	38.72857142857143	0.109375	0.9902222435823095
GCA_020884795.1_ASM2088479v1	74.621875	0.5	0.978094492289875
GCA_000404005.1_Streptomyces_sp._FXJ7.023	53.63846153846154	0.203125	0.9021234254935889
GCA_009862885.1_ASM986288v1	41.214285714285715	0.109375	0.9132406934682591
GCA_002904335.1_ASM290433v1	88.25483870967741	0.484375	0.7669576252887067
GCA_020034615.1_ASM2003461v1	42.0	0.125	0.9325640233705517
GCA_003994375.1_ASM399437v1	46.518181818181816	0.171875	0.9766544137555134
GCA_023630175.1_ASM2363017v1	34.3	0.109375	0.8903717458698188
GCA_018332675.1_ASM1833267v1	72.415625	0.5	0.9401343256565404
GCA_900105945.1_IMG_taxon_2634166899_annotated_assembly	92.12131147540984	0.953125	0.999368961183216
GCA_000384275.1_ASM38427v1	72.3970588235294	0.53125	0.9850559394187799
GCA_001418335.1_ASM141833v1	46.63333333333333	0.09375	0.9199046420385154
GCA_023864535.1_ASM2386453v1	35.17142857142857	0.109375	0.9958409493581595
GCA_008762295.1_ASM876229v1	35.17142857142857	0.109375	0.9956916419794755
GCA_002704055.1_ASM270405v1	35.18571428571428	0.109375	0.9956916419794752
GCA_000388135.1_Whole_genome_assembly	85.32558139534883	0.671875	0.8976581732811756
GCA_002140155.1_ASM214015v1	57.25833333333333	0.1875	0.9961482482427748
GCA_014650595.1_ASM1465059v1	41.575	0.125	0.9842708809360519
GCA_023865085.1_ASM2386508v1	34.27142857142857	0.21875	0.9968031640141266
GCA_023845025.1_ASM2384502v1	72.39375	0.5	0.9311539871457297
GCA_000244975.1_ASM24497v1	33.65	0.09375	0.9974779126182516
GCA_002954775.1_ASM295477v1	39.285714285714285	0.109375	0.9997713367962209
GCA_003984785.1_ASM398478v1	43.78823529411765	0.265625	0.9958568880414612
GCA_021600165.1_ASM2160016v1	37.74166666666667	0.1875	0.9866864038359406
GCA_001280095.1_ASM128009v1	51.88333333333333	0.1875	0.9998642433000708
GCA_001196635.1_5505_8_3	36.88666666666667	0.234375	0.9980333930426132
GCA_000719855.1_ASM71985v1	34.7125	0.125	0.9683397109864899
GCA_000749745.1_ASM74974v1	35.46666666666667	0.234375	0.9972705824636771
GCA_023864695.1_ASM2386469v1	35.17142857142857	0.109375	0.9958487518284276
GCA_001317985.1_5227_5_2	44.336363636363636	0.171875	0.9998288781478865
GCA_021352475.1_ASM2135247v1	35.17142857142857	0.109375	0.9962840791991495
GCA_003524885.1_ASM352488v1	42.8	0.265625	0.9987146153361891
GCA_000720635.1_ASM72063v1	39.725	0.125	0.9402382849195912
GCA_001640615.1_ASM164061v1	35.17142857142857	0.109375	0.9956678840531437
GCA_003399035.1_ASM339903v1	37.263636363636365	0.171875	0.9980428449866812
GCA_023864815.1_ASM2386481v1	35.17142857142857	0.109375	0.9958721255498042
GCA_014673495.1_ASM1467349v1	48.128571428571426	0.109375	0.9743795762271135
GCA_002551345.1_ASM255134v1	39.55714285714286	0.109375	0.99342621040585
GCA_000091305.1_ASM9130v1	37.733333333333334	0.09375	0.9903485240870096
GCA_002007685.1_ASM200768v1	36.58888888888889	0.140625	0.9811922974460324
GCA_900709245.2_PRJEB31649_3	35.46	0.234375	0.9972475749166635
GCA_001514035.1_ASM151403v1	62.51923076923077	0.40625	0.8625075399451767
GCA_014873145.1_ASM1487314v1	42.050000000000004	0.15625	0.9956089640079141
GCA_018070485.1_ASM1807048v1	54.276923076923076	0.203125	0.9973670020603164
GCA_008369905.1_ASM836990v1	49.97391304347826	0.359375	0.9478077843992623
GCA_003696265.1_ASM369626v1	35.142857142857146	0.109375	0.8109955457915372
GCA_003049355.1_ASM304935v1	35.46	0.234375	0.997345589210264
GCA_012163215.1_ASM1216321v1	35.44	0.234375	0.9972659873597947
GCA_900078675.2_PRJEB13236	35.7375	0.25	0.7497104878694072
GCA_000804185.1_ASM80418v1	35.17142857142857	0.109375	0.9956281773365139
GCA_001970135.1_ASM197013v1	35.142857142857146	0.109375	0.9934390427654105
GCA_022698305.1_ASM2269830v1	40.96666666666667	0.09375	0.9936846605259206
GCA_009765355.1_ASM976535v1	34.77142857142857	0.109375	0.8189506986557852
GCA_003387475.1_ASM338747v1	37.88333333333333	0.09375	0.9954305162331128
GCA_003945505.1_ASM394550v1	42.34285714285714	0.109375	0.971534353275745
GCA_005862235.1_ASM586223v1	52.154545454545456	0.171875	0.9246720027091379
GCA_022696125.1_ASM2269612v1	67.01428571428572	0.328125	0.6486777312160327
GCA_012277335.1_ASM1227733v1	44.47	0.15625	0.9990966852549061
GCA_001207945.1_5227_7_9	36.88666666666667	0.234375	0.9980475255244362
GCA_900091585.1_IMG_taxon_2619619644_annotated_assembly	54.02142857142857	0.21875	0.9959712793230191
GCA_023515955.1_ASM2351595v1	38.388888888888886	0.140625	0.9999822832738055
GCA_020010925.1_ASM2001092v1	39.725	0.1875	0.9734896208232162
GCA_900454265.1_49642_B01	31.4	0.09375	0.9921279279061654
GCA_900099965.1_IMG_taxon_2675903065_annotated_assembly	41.77142857142857	0.109375	0.990696704303824
GCA_001570645.1_ASM157064v1	37.766666666666666	0.1875	0.9877954444136359
GCA_017813245.1_ASM1781324v1	29.75	0.09375	0.9177532840252465
GCA_001294345.1_ASM129434v1	53.135714285714286	0.21875	0.9989099597925593
GCA_010548245.1_ASM1054824v1	39.75833333333333	0.1875	0.9904700627663386
GCA_000720235.1_ASM72023v1	35.1	0.125	0.9685768486682889
GCA_003397725.1_ASM339772v1	35.46	0.234375	0.9973618075372623
GCA_023391235.1_ASM2339123v1	41.07142857142857	0.109375	0.9922339126892163
GCA_022179485.1_ASM2217948v1	33.25714285714285	0.109375	0.9580059972557284
GCA_021725495.1_ASM2172549v1	58.35454545454545	0.171875	0.9304516041229701
GCA_002939505.1_ASM293950v1	36.56	0.234375	0.9972705824636771
GCA_000720725.1_ASM72072v1	38.73	0.15625	0.9896380862914977
GCA_018070125.1_ASM1807012v1	42.1875	0.125	0.9324828892399231
GCA_000816025.1_ASM81602v1	42.8625	0.125	0.9049479438808787
GCA_004364395.1_ASM436439v1	68.75	0.34375	0.974026187525472
GCA_023864595.1_ASM2386459v1	35.17142857142857	0.109375	0.9958253275992897
GCA_900105265.1_IMG_taxon_2675903008_annotated_assembly	67.1875	0.25	0.9415126596022643
GCA_001905365.1_ASM190536v1	44.74545454545455	0.171875	0.9992645021898561
GCA_021264725.1_ASM2126472v1	62.29090909090909	0.171875	0.9246860452539913
GCA_004125275.1_ASM412527v1	46.518181818181816	0.171875	0.9766544137555133
GCA_014649235.1_ASM1464923v1	69.48571428571428	0.21875	0.9043187662802366
GCA_018035285.1_ASM1803528v1	60.4875	0.125	0.9981204360033097
GCA_024341705.1_ASM2434170v1	53.525	0.25	0.9685921158923428
GCA_002188355.1_ASM218835v1	42.95384615384615	0.203125	0.929076787569436
GCA_018070535.1_ASM1807053v1	42.525	0.125	0.9335638520369675
GCA_000719505.1_ASM71950v1	52.08571428571429	0.21875	0.8622399834879383
GCA_011766325.1_ASM1176632v1	39.6375	0.125	0.9984662304916115
GCA_003392415.1_ASM339241v1	36.6	0.234375	0.9975989574537527
GCA_004125265.1_ASM412526v1	40.371428571428574	0.109375	0.9971034913086424
GCA_001553435.1_ASM155343v1	37.75833333333333	0.1875	0.9866504223782658
GCA_000722185.1_ASM72218v1	43.98571428571429	0.109375	0.9972740225426789
GCA_000299175.2_ASM29917v2	44.0	0.125	0.9955985305954539
GCA_014656275.1_ASM1465627v1	45.211111111111116	0.140625	0.9998379634487558
GCA_900120685.1_14722_6_22	35.18571428571428	0.109375	0.9956361296768916
GCA_009908195.1_ASM990819v1	51.39230769230769	0.203125	0.9986316553306476
GCA_015478325.1_ASM1547832v1	35.07692307692308	0.203125	0.9661820330825993
GCA_018070055.1_ASM1807005v1	42.1	0.125	0.9325121124420924
GCA_003392855.1_ASM339285v1	34.27142857142857	0.21875	0.9968056500081909
GCA_000963515.1_ASM96351v1	41.15	0.125	0.9113868855183321
GCA_014650115.1_ASM1465011v1	56.27333333333333	0.234375	0.964237920088928
GCA_020873855.1_ASM2087385v1	42.1125	0.125	0.9325001430046075
GCA_900460115.1_53878_B01	38.00833333333333	0.1875	0.9967993954996981
GCA_014649975.1_ASM1464997v1	43.48571428571429	0.109375	0.9986160253419952
GCA_010669165.1_ASM1066916v1	40.1	0.09375	0.9979776024981274
GCA_000717655.1_ASM71765v1	70.88571428571429	0.21875	0.8820264191967165
GCA_000803805.1_ASM80380v1	35.15714285714286	0.109375	0.9954518445441181
GCA_015711595.1_ASM1571159v1	42.0875	0.125	0.9142846915257634
GCA_001191715.1_5505_8_8	36.906666666666666	0.234375	0.9979462707052598
GCA_011801125.1_ASM1180112v1	35.68	0.234375	0.9770406232892523
GCA_002703945.1_ASM270394v1	35.18571428571428	0.109375	0.9956758088792312
GCA_003546285.1_ASM354628v1	42.29090909090909	0.171875	0.9994343849017572
GCA_006489195.2_ASM648919v2	58.21666666666667	0.1875	0.9965951138824484
GCA_002573675.1_ASM257367v1	53.666666666666664	0.234375	0.8892984883351327
GCA_001394175.1_6540_1_21	35.70666666666667	0.234375	0.9973057557485341
GCA_021261405.1_ASM2126140v1	32.28888888888889	0.140625	0.9063619168594865
GCA_023865015.1_ASM2386501v1	35.46	0.234375	0.9972935098155581
GCA_900089585.1_IMG_taxon_2622736535_annotated_assembly	53.61333333333333	0.234375	0.887541003773137
GCA_003984925.1_ASM398492v1	42.1375	0.125	0.9324597862946424
GCA_002708565.1_ASM270856v1	35.45333333333333	0.234375	0.9972613890506321
GCA_000374985.1_ASM37498v1	55.72727272727273	0.171875	0.9962957297457082
GCA_002891865.1_ASM289186v1	42.528571428571425	0.109375	0.9997841542054462
GCA_003663795.1_ASM366379v1	41.34166666666667	0.1875	0.9431435385142269
GCA_001184735.1_ASM118473v1	35.46666666666667	0.234375	0.9972659873597947
GCA_900169865.1_IonXpress_029	36.82	0.234375	0.9977219395094669
GCA_002803195.1_ASM280319v1	44.21	0.15625	0.7953597594331112
GCA_000429185.2_ASM42918v2	53.516666666666666	0.1875	0.9268225478180898
GCA_001705785.1_ASM170578v1	37.775	0.1875	0.9866103115300764
GCA_000749825.1_ASM74982v1	35.46666666666667	0.234375	0.9972705824636771
GCA_022827705.1_ASM2282770v1	40.92857142857143	0.109375	0.9134471093398401
GCA_017872985.1_ASM1787298v1	53.87692307692308	0.203125	0.9959753081511613
GCA_021026275.1_ASM2102627v1	35.142857142857146	0.109375	0.9938159564612588
GCA_018614155.1_ASM1861415v1	70.22666666666666	0.234375	0.9444717783707111
GCA_016905445.1_ASM1690544v1	40.7	0.09375	0.9942909004542644
GCA_023865195.1_ASM2386519v1	35.46	0.234375	0.997298085634741
GCA_002026285.1_ASM202628v1	35.46666666666667	0.234375	0.9972917568416864
GCA_000737195.2_ASM73719v2	57.02142857142857	0.21875	0.9989303697932792
GCA_020026305.1_ASM2002630v1	43.32222222222222	0.140625	0.9619268238776427
GCA_019933235.1_ASM1993323v1	46.825	0.1875	0.9445997730200257
GCA_018614185.1_ASM1861418v1	32.333333333333336	0.09375	0.9988126551203307
GCA_017876235.1_ASM1787623v1	36.72857142857143	0.109375	0.9991966341656549
GCA_019890635.1_ASM1989063v1	53.95333333333333	0.234375	0.9839907444822495
GCA_000568915.1_ASM56891v1	57.55384615384615	0.203125	0.9963245336143202
GCA_020881015.1_ASM2088101v1	42.75	0.125	0.9344333266359263
GCA_000787775.1_ASM78777v1	36.225	0.125	0.9685231558442372
GCA_000145235.1_ASM14523v1	49.8625	0.25	0.9944916131703375
GCA_014156695.1_ASM1415669v1	40.68888888888889	0.140625	0.9840643247083998
GCA_002802945.1_ASM280294v1	38.041666666666664	0.1875	0.9968092545069864
GCA_000958545.1_ASM95854v1	44.32857142857143	0.21875	0.9594796729729814
GCA_000568255.1_ASM56825v1	44.02857142857143	0.109375	0.9054353891274811
GCA_020740535.1_ASM2074053v1	37.233333333333334	0.09375	0.999895505554053
GCA_003112535.1_ASM311253v1	54.356249999999996	0.25	0.9184931441097461
GCA_003573595.1_ASM357359v1	51.075	0.125	0.9975592544242123
GCA_004795715.1_ASM479571v1	42.15	0.125	0.9324952716894436
GCA_006088715.1_ASM608871v1	39.8	0.09375	0.9920794344821686
GCA_003395645.1_ASM339564v1	37.153333333333336	0.234375	0.9980061540857174
GCA_008064995.1_ASM806499v1	48.114285714285714	0.109375	0.9743790268538574
GCA_900091445.1_IMG_taxon_2623620567_annotated_assembly	54.278571428571425	0.21875	0.9601022074474077
GCA_008761715.1_ASM876171v1	35.53333333333333	0.234375	0.9972659873597948
GCA_020341595.1_ASM2034159v1	39.0875	0.125	0.9925855159779092
GCA_014203735.1_ASM1420373v1	39.714285714285715	0.21875	0.9736724557646635
GCA_014217585.1_ASM1421758v1	36.5	0.125	0.981212305667799
GCA_005864065.1_ASM586406v1	38.371428571428574	0.109375	0.9996643463899741
GCA_014203355.1_ASM1420335v1	76.1078947368421	0.59375	0.9979020095592014
GCA_017948485.1_ASM1794848v1	69.535	0.3125	0.9717501553711609
GCA_017969075.1_ASM1796907v1	46.07	0.15625	0.9859049555853691
GCA_000524035.1_ASM52403v1	68.6375	0.125	0.9311140590994581
GCA_023864795.1_ASM2386479v1	35.46	0.234375	0.9973708586922301
GCA_001398035.1_6174_1_6	35.45333333333333	0.234375	0.9972819353381216
GCA_016862795.1_ASM1686279v1	41.416666666666664	0.09375	0.9973362368525416
GCA_900111175.1_IMG_taxon_2616644847_annotated_assembly	41.01538461538462	0.203125	0.949392052443869
GCA_002703685.1_ASM270368v1	35.46666666666667	0.234375	0.9973142417230122
GCA_021228125.1_ASM2122812v1	42.166666666666664	0.09375	0.9945379679573294
GCA_014874055.1_ASM1487405v1	39.714285714285715	0.21875	0.9736724557646634
GCA_019038635.1_ASM1903863v1	48.71764705882353	0.265625	0.989039207148405
GCA_001011035.1_ASM101103v1	42.68571428571428	0.109375	0.9714946718918321
GCA_018326205.1_ASM1832620v1	43.46666666666667	0.140625	0.9971775904841925
GCA_014161415.1_ASM1416141v1	38.457142857142856	0.109375	0.9997321092703586
GCA_019456635.1_ASM1945663v1	37.8	0.1875	0.9866348041671101
GCA_000317595.1_Sipom9103v1.0	50.90909090909091	0.171875	0.944570330148536
GCA_002156005.1_ASM215600v1	85.45555555555556	0.28125	0.9162608887251984
GCA_003751945.1_ASM375194v1	45.36666666666667	0.09375	0.9940209816240375
GCA_001742805.1_ASM174280v1	99.77903225806452	0.96875	0.9999761164775413
GCA_023865115.1_ASM2386511v1	35.46	0.234375	0.9973209163354693
GCA_003721415.1_ASM372141v1	32.77777777777778	0.140625	0.9916638929883105
GCA_020995455.1_ASM2099545v1	49.918749999999996	0.25	0.9943972588835266
GCA_000721255.1_ASM72125v1	42.35	0.125	0.9963447426397496
GCA_014650095.1_ASM1465009v1	61.31666666666667	0.1875	0.9595746382346955
GCA_022747965.1_ASM2274796v1	36.55	0.125	0.9813334903547084
GCA_001514305.1_ASM151430v1	53.48235294117647	0.265625	0.9783809922889033
GCA_001626145.1_ASM162614v1	47.284615384615385	0.203125	0.9992330490714919
GCA_013387285.1_ASM1338728v1	42.72857142857143	0.109375	0.989628398272984
GCA_023864715.1_ASM2386471v1	35.17142857142857	0.109375	0.9957626169628631
GCA_009872515.1_ASM987251v1	51.800000000000004	0.1875	0.9996642545338835
GCA_003595545.1_ASM359554v1	64.73076923076923	0.203125	0.9197720628233326
GCA_000454025.1_ASM45402v1	99.77903225806452	0.96875	0.999976116477541
GCA_009663875.1_ASM966387v1	35.46	0.234375	0.9973232138131505
GCA_001318685.1_5319_2_10	36.96	0.234375	0.9980393780554196
GCA_004121465.1_ASM412146v1	35.46	0.234375	0.9972705824636771
GCA_014649835.1_ASM1464983v1	42.2875	0.125	0.9332074820310594
GCA_001270365.1_ASM127036v1	35.486666666666665	0.234375	0.9973661032053364
GCA_023864385.1_ASM2386438v1	35.17142857142857	0.109375	0.9958487518284276
GCA_009184865.1_ASM918486v1	54.70666666666666	0.234375	0.8537372163130028
GCA_001197435.1_5227_7_8	36.88666666666667	0.234375	0.9979890085256128
GCA_001746425.1_ASM174642v1	69.63809523809523	0.328125	0.962758972755898
GCA_002688545.1_ASM268854v1	53.526666666666664	0.234375	0.88669481203096
GCA_900091565.1_IMG_taxon_2622736534_annotated_assembly	53.238461538461536	0.203125	0.9962965771009002
GCA_018614355.1_ASM1861435v1	32.333333333333336	0.09375	0.9988126551203308
GCA_002703785.1_ASM270378v1	35.18571428571428	0.109375	0.9956758088792312
GCA_014680085.1_ASM1468008v1	54.24285714285714	0.21875	0.9951674155642438
GCA_001318705.1_5319_2_8	36.88666666666667	0.234375	0.9980203810575878
GCA_000158815.1_ASM15881v1	47.94285714285714	0.109375	0.9134166905652453
GCA_000215815.2_ASM21581v2	37.794444444444444	0.28125	0.9214055239448998
GCA_001216745.1_7520_7_46	35.628571428571426	0.21875	0.9983635428677522
GCA_001414545.1_ASM141454v1	44.4	0.125	0.9985631542618811
GCA_023864775.1_ASM2386477v1	35.46	0.234375	0.9973708586922301
GCA_016860525.1_ASM1686052v1	55.25333333333333	0.234375	0.9742171803489864
GCA_000749765.1_ASM74976v1	35.18571428571428	0.109375	0.9957074529815231
GCA_001298575.1_Actinobacteria.strain_OK074_v1.0	41.61666666666667	0.09375	0.9858902203987131
GCA_000717925.1_ASM71792v1	34.975	0.125	0.9594122569213948
GCA_001191955.1_5319_2_9	36.88666666666667	0.234375	0.9980391198045331
GCA_023864265.1_ASM2386426v1	35.46	0.234375	0.9973618075372622
GCA_000092385.1_ASM9238v1	44.61666666666667	0.09375	0.9973152116821755
GCA_023498005.1_ASM2349800v1	43.95	0.09375	0.9405580414311019
GCA_003664255.1_ASM366425v1	54.50714285714286	0.21875	0.9509298470438985
GCA_000700945.1_ASM70094v1	99.78548387096774	0.96875	0.9999756533292671
GCA_900110955.1_IMG_taxon_2667527444_annotated_assembly	40.46	0.15625	0.9510185409748686
GCA_001267885.1_ASM126788v1	39.725	0.125	0.9905750811965083
GCA_001632865.1_ASM163286v1	39.6625	0.125	0.9905721619501777
GCA_001211765.1_5319_2_6	36.88666666666667	0.234375	0.9980234060260148
GCA_002028385.1_ASM202838v1	35.37777777777778	0.140625	0.980307461007419
GCA_001660045.1_ASM166004v1	68.56666666666666	0.28125	0.9730600941698876
GCA_900109405.1_IMG_taxon_2675903023_annotated_assembly	37.666666666666664	0.1875	0.9897239094169599
GCA_002258905.1_ASM225890v1	53.945	0.3125	0.9929143144494765
GCA_020515735.1_ASM2051573v1	68.8578947368421	0.296875	0.9242672120044659
GCA_005047355.1_ASM504735v1	69.46666666666667	0.1875	0.8906719548074281
GCA_010548505.1_ASM1054850v1	39.15714285714286	0.109375	0.9996612025633275
GCA_005490965.1_ASM549096v1	42.05	0.125	0.9325494352851806
GCA_001195665.1_5227_8_6	35.46	0.234375	0.9972962600545225
GCA_900659625.1_LMG29178_FinalContigs.fasta.gz	68.6	0.53125	0.9235754029726005
GCA_000744225.1_ASM74422v1	55.50714285714286	0.21875	0.6331125898860905
GCA_003814735.1_ASM381473v1	40.725	0.125	0.9202019289724546
GCA_024448165.1_ASM2444816v1	61.86296296296296	0.421875	0.9554405280008633
GCA_001345215.1_6180_2_7	36.89333333333333	0.234375	0.9977402928124373
GCA_000716435.1_ASM71643v1	42.6375	0.125	0.941841763170772
GCA_000250675.3_ASM25067v3	35.56	0.234375	0.9761396813286995
GCA_017876405.1_ASM1787640v1	39.166666666666664	0.234375	0.9903491695161721
GCA_002551435.1_ASM255143v1	39.528571428571425	0.109375	0.99342621040585
GCA_001640645.1_ASM164064v1	35.17142857142857	0.109375	0.9956758088792312
GCA_003408515.1_ASM340851v1	53.99230769230769	0.203125	0.9959781978568868
GCA_022213265.1_ASM2221326v1	51.43888888888889	0.28125	0.9766011440886293
GCA_017968935.1_ASM1796893v1	37.766666666666666	0.09375	0.9904736581226101
GCA_008728085.1_ASM872808v1	38.51428571428571	0.109375	0.9994947904247833
GCA_010548725.1_ASM1054872v1	51.758823529411764	0.265625	0.9951528424249414
GCA_016612665.1_ASM1661266v1	40.15714285714286	0.109375	0.99899005240448
GCA_001418655.1_ASM141865v1	42.583333333333336	0.1875	0.9668974558853842
GCA_000484695.1_ASM48469v1	37.03	0.15625	0.9988699665947496
GCA_900091495.1_IMG_taxon_2622736613_annotated_assembly	54.97142857142857	0.21875	0.9951509010098493
GCA_000721115.1_ASM72111v1	58.9	0.171875	0.9943148420668034
GCA_011170145.1_ASM1117014v1	37.983333333333334	0.1875	0.9968081764776858
GCA_000749665.1_ASM74966v1	35.2	0.109375	0.9957468835786789
GCA_003395835.1_ASM339583v1	34.27142857142857	0.21875	0.9967636141298819
GCA_002703735.1_ASM270373v1	35.46666666666667	0.234375	0.9973678860346308
GCA_024752535.1_ASM2475253v1	41.7125	0.125	0.9742363743915683
GCA_000803985.1_ASM80398v1	35.128571428571426	0.109375	0.9955643613409524
GCA_023701695.1_ASM2370169v1	44.75	0.125	0.9884189249720664
GCA_001318085.1_5227_7_10	36.88666666666667	0.234375	0.9980154153350128
GCA_020177475.1_ASM2017747v1	39.44285714285714	0.109375	0.9939429383416838
GCA_001047315.1_ASM104731v1	68.75263157894737	0.296875	0.9526468857039001
GCA_001013905.1_sleC34	64.065625	0.5	0.9834584846914791
GCA_900090255.1_IMG_taxon_2619619011_annotated_assembly	49.95625	0.25	0.9944045296592472
GCA_003696215.1_ASM369621v1	41.50833333333333	0.1875	0.9971113412691297
GCA_009865505.1_ASM986550v1	48.738461538461536	0.203125	0.9980448375112909
GCA_008704575.1_ASM870457v1	40.627272727272725	0.171875	0.752380620225018
GCA_001318665.1_5319_2_11	36.88666666666667	0.234375	0.9980277467851164
GCA_014203475.1_ASM1420347v1	40.96666666666667	0.09375	0.9936846605259205
GCA_004794665.1_ASM479466v1	48.27142857142857	0.109375	0.9743899562084626
GCA_001748165.1_ASM174816v1	62.45454545454545	0.171875	0.8877060213805366
GCA_014648615.1_ASM1464861v1	40.15	0.09375	0.9936057318845288
GCA_023864545.1_ASM2386454v1	35.46	0.234375	0.9973117937443541
GCA_000718705.1_ASM71870v1	34.9875	0.125	0.9685716920747344
GCA_001294605.1_ASM129460v1	39.611111111111114	0.140625	0.9151636795893621
GCA_001652995.1_ASM165299v1	53.93846153846154	0.203125	0.9959753081511613
GCA_003395435.1_ASM339543v1	34.27142857142857	0.21875	0.9968000757990074
GCA_020215905.1_ASM2021590v1	31.942857142857143	0.109375	0.9981543244487936
GCA_000719625.1_ASM71962v1	34.9875	0.125	0.9685716920747344
GCA_000719345.1_ASM71934v1	35.65	0.125	0.9999816594005059
GCA_008042115.1_ASM804211v1	42.666666666666664	0.09375	0.9998109013721702
GCA_014648955.1_ASM1464895v1	37.983333333333334	0.1875	0.9967885099532907
GCA_000719355.1_ASM71935v1	39.25714285714286	0.109375	0.99342621040585
GCA_001905845.1_ASM190584v1	54.42666666666667	0.234375	0.9364824442556943
GCA_000720645.1_ASM72064v1	55.7	0.1875	0.9331353690749741
GCA_021568835.1_ASM2156883v1	46.35714285714286	0.109375	0.99677088854157
GCA_023897065.1_ASM2389706v1	42.1625	0.125	0.988350322327012
GCA_001174865.1_5227_5_3	43.88181818181818	0.171875	0.9994265732808532
GCA_900115955.1_IMG_taxon_2634166311_annotated_assembly	40.21	0.15625	0.9995094842873518
GCA_011765725.1_ASM1176572v1	72.58125	0.5	0.9741896470456659
GCA_017969005.1_ASM1796900v1	37.7	0.09375	0.9905210127125559
GCA_023864325.1_ASM2386432v1	35.17142857142857	0.109375	0.9957626169628633
GCA_024348945.1_ASM2434894v1	53.077777777777776	0.140625	0.9377736551217539
GCA_016907955.1_ASM1690795v1	40.26	0.15625	0.9524956588058028
GCA_001029515.1_ASM102951v1	49.0	0.25	0.9926149676688848
GCA_024582875.1_ASM2458287v1	48.4875	0.125	0.9994458920564439
GCA_022221585.1_ASM2222158v1	33.3	0.09375	0.9913927409685435
GCA_014650835.1_ASM1465083v1	40.627272727272725	0.171875	0.7523806202250181
GCA_900709225.1_PRJEB31649_4	35.50666666666667	0.234375	0.9974146299769783
GCA_010548365.1_ASM1054836v1	50.7	0.234375	0.9987333534398061
GCA_011421595.1_ASM1142159v1	50.15	0.1875	0.9997057693689831
GCA_001318625.1_5505_8_4	36.88666666666667	0.234375	0.9980100884548293
GCA_003116685.1_ASM311668v1	49.07142857142857	0.109375	0.9748814041937639
GCA_017615015.1_ASM1761501v1	54.733333333333334	0.140625	0.966284255152273
GCA_010119355.1_ASM1011935v1	48.2	0.109375	0.9743638981979803
GCA_011765735.1_ASM1176573v1	72.51212121212122	0.515625	0.9703872663259738
GCA_016457305.1_ASM1645730v1	48.22857142857143	0.109375	0.9743802320287404
GCA_003398715.1_ASM339871v1	34.27142857142857	0.21875	0.9967636141298819
GCA_007363395.1_ASM736339v1	41.4	0.09375	0.9936802371538843
GCA_001201115.1_5319_2_4	36.88666666666667	0.234375	0.9980268650855006
GCA_003173275.1_ASM317327v1	45.083333333333336	0.1875	0.9770316636083812
GCA_900091625.1_IMG_taxon_2622736606_annotated_assembly	54.08571428571429	0.21875	0.9572553626896684
GCA_015356825.1_ASM1535682v1	41.027272727272724	0.171875	0.9928693880513575
GCA_900090295.1_IMG_taxon_2623620609_annotated_assembly	55.56428571428572	0.21875	0.9959467950746541
GCA_001513965.1_ASM151396v1	67.7375	0.25	0.9245854884789216
GCA_014203425.1_ASM1420342v1	54.1	0.203125	0.9959774387859839
GCA_900105395.1_IMG_taxon_2671180173_annotated_assembly	52.93125	0.25	0.9318996114997147
GCA_023864655.1_ASM2386465v1	35.17142857142857	0.109375	0.9957940169311394
GCA_020092375.1_ASM2009237v1	55.94285714285714	0.21875	0.8230331518164533
GCA_013362695.1_ASM1336269v1	31.166666666666664	0.09375	0.9946373254782926
GCA_001746365.1_ASM174636v1	51.32692307692308	0.40625	0.9764922247370872
GCA_003984965.1_ASM398496v1	42.15	0.125	0.9325049998677513
GCA_002156075.1_ASM215607v1	32.766666666666666	0.140625	0.952603115855815
GCA_002703995.1_ASM270399v1	35.46666666666667	0.234375	0.9972567875387103
GCA_003155075.1_20120600_S3D	44.13636363636363	0.171875	0.9981048361404116
GCA_016612645.1_ASM1661264v1	39.42857142857143	0.109375	0.99342621040585
GCA_000240165.1_ASM24016v1	41.042857142857144	0.109375	0.9132346979833668
GCA_014646275.1_ASM1464627v1	38.542857142857144	0.109375	0.993554501604342
GCA_000804055.1_ASM80405v1	35.17142857142857	0.109375	0.995387073686103
GCA_900091975.1_IMG_taxon_2657245725_annotated_assembly	47.8	0.109375	0.9744073852173589
GCA_000280905.1_ASM28090v1	32.766666666666666	0.09375	0.8455308663481831
GCA_022815725.1_ASM2281572v1	54.91538461538462	0.203125	0.9060593915206756
GCA_000972435.1_StrepMBT28_1.0	42.2625	0.125	0.9347628272176708
GCA_009769735.1_ASM976973v1	40.1125	0.125	0.9723747218933674
GCA_017933235.1_ASM1793323v1	37.65	0.09375	0.9905284786076037
GCA_001112865.1_4925_1_7	43.575	0.1875	0.9989572261353064
GCA_023864205.1_ASM2386420v1	35.46	0.234375	0.9973844109407312
GCA_003846195.1_ASM384619v1	42.96666666666667	0.140625	0.9487366584504258
GCA_024172125.1_ASM2417212v1	40.81666666666667	0.09375	0.9969136691371199
GCA_000804265.1_ASM80426v1	35.17142857142857	0.109375	0.9957074529815231
GCA_019029505.1_ASM1902950v1	42.125	0.125	0.932468513278525
GCA_001866675.1_ASM186667v1	41.305	0.3125	0.9586399547889506
GCA_900709235.2_PRJEB31649_2	35.46	0.234375	0.9972475749166635
GCA_001417795.1_ASM141779v1	40.785714285714285	0.109375	0.9999864361889645
GCA_011764425.1_ASM1176442v1	31.96666666666667	0.09375	0.9300236799774595
GCA_003626595.1_ASM362659v1	41.107692307692304	0.203125	0.9663757339639163
GCA_000383935.1_ASM38393v1	54.06666666666667	0.234375	0.9843057266236618
GCA_009498035.1_ASM949803v1	44.01428571428571	0.109375	0.9912286288314671
GCA_015475835.1_ASM1547583v1	38.86666666666667	0.09375	0.9978930188719908
GCA_011694815.1_ASM1169481v1	38.7875	0.125	0.8632255428254478
GCA_001345075.1_6180_1_8	36.88666666666667	0.234375	0.9977723934222658
GCA_920664355.1_CiP1_Cm_nod2	38.36923076923077	0.203125	0.7253296481174483
GCA_000729745.1_ASM72974v1	35.18571428571428	0.109375	0.9956758088792312
GCA_000719175.1_ASM71917v1	42.0875	0.125	0.9993027837844799
GCA_002904295.1_ASM290429v1	83.54130434782608	0.71875	0.9975765904374212
GCA_014651055.1_ASM1465105v1	41.69090909090909	0.171875	0.831240047355301
GCA_010550405.1_ASM1055040v1	42.25	0.125	0.9260112633485907
GCA_024648905.1_ASM2464890v1	41.480000000000004	0.15625	0.9998379634487558
GCA_013364075.1_ASM1336407v1	92.55081967213115	0.953125	0.9999488835671746
GCA_003399125.1_ASM339912v1	34.27142857142857	0.21875	0.996774934157825
GCA_011765705.1_ASM1176570v1	72.278125	0.5	0.9826016783545201
GCA_001640695.1_ASM164069v1	35.17142857142857	0.109375	0.9956520178707298
GCA_018139085.1_ASM1813908v1	42.55714285714286	0.109375	0.9638766391961446
GCA_014650395.1_ASM1465039v1	39.385714285714286	0.109375	0.99342621040585
GCA_003394655.1_ASM339465v1	35.46	0.234375	0.9973589767533793
GCA_000177675.1_ASM17767v1	47.875	0.25	0.9903748205468373
GCA_012163255.1_ASM1216325v1	37.153333333333336	0.234375	0.9978900226420019
GCA_900169985.1_IonXpress_024	35.46	0.234375	0.9992309730399713
GCA_008642355.1_ASM864235v1	43.371428571428574	0.109375	0.9658442841550781
GCA_002703825.1_ASM270382v1	35.18571428571428	0.109375	0.9956758088792312
GCA_002234535.1_ASM223453v1	37.05555555555556	0.140625	0.8134730096426075
GCA_009864865.1_ASM986486v1	54.06666666666667	0.234375	0.9843057266236618
GCA_006716065.1_ASM671606v1	72.54230769230769	0.40625	0.9335437768569644
GCA_014216335.1_ASM1421633v1	37.975	0.1875	0.9968103321504609
GCA_008806405.1_ASM880640v1	49.9125	0.25	0.9926705654768135
GCA_900129455.1_IMG_taxon_2695420949_annotated_assembly	33.81428571428572	0.109375	0.813953566006335
GCA_000158915.1_ASM15891v1	47.43333333333333	0.09375	0.9975667281390848
GCA_011045075.1_ASM1104507v1	46.413333333333334	0.234375	0.9938020511518121
GCA_022220465.1_ASM2222046v1	43.042857142857144	0.109375	0.9712033120209069
GCA_014161435.1_ASM1416143v1	38.44285714285714	0.109375	0.9997259647764286
GCA_001279445.1_ASM127944v1	39.275	0.125	0.9681735918433868
GCA_000720135.1_ASM72013v1	66.83125	0.25	0.9512472486561176
GCA_900169765.1_IonXpress_028	35.46	0.234375	0.9972567875387103
GCA_000710915.1_ASM71091v1	45.68076923076923	0.40625	0.8881029869639271
GCA_020782815.1_ASM2078281v1	58.7	0.15625	0.9541334171975846
GCA_014472385.1_ASM1447238v1	50.00625	0.25	0.9860104711816732
GCA_016467295.1_ASM1646729v1	48.285714285714285	0.109375	0.9743912956390303
GCA_014138905.1_ASM1413890v1	48.1	0.109375	0.9743796664353863
GCA_000377605.1_ASM37760v1	71.665625	0.5	0.942840214235264
GCA_001689765.1_ASM168976v1	35.56	0.234375	0.9761396813286995
GCA_001199275.1_5319_2_5	36.88666666666667	0.234375	0.9980141718711298
GCA_024349025.1_ASM2434902v1	51.7	0.140625	0.9378152376659223
GCA_014930365.1_ASM1493036v1	43.388888888888886	0.140625	0.9758136420407726
GCA_001748305.1_ASM174830v1	46.885714285714286	0.109375	0.9690880218065695
GCA_023717255.1_ASM2371725v1	63.35	0.1875	0.9638193201462313
GCA_000718395.1_ASM71839v1	42.28888888888889	0.140625	0.9650210438262246
GCA_001208465.1_5227_8_1	36.88666666666667	0.234375	0.9981346675084485
GCA_013177615.1_ASM1317761v1	39.833333333333336	0.09375	0.9920864267053142
GCA_002266845.1_ASM226684v1	58.676923076923075	0.203125	0.9957643437739508
GCA_001279845.1_ASM127984v1	35.2375	0.125	0.968102495164594
GCA_007856155.1_ASM785615v1	42.471428571428575	0.109375	0.9995844752849821
GCA_001279885.1_ASM127988v1	35.0625	0.125	0.9685807848779187
GCA_001318845.1_5237_8_9	43.981818181818184	0.171875	0.9996216504091906
GCA_023864755.1_ASM2386475v1	35.46	0.234375	0.9973026582309568
GCA_016695385.1_ASM1669538v1	42.58571428571429	0.109375	0.9890597140905184
GCA_000716605.1_ASM71660v1	69.27692307692307	0.203125	0.9180909353545093
GCA_003325375.1_ASM332537v1	42.642857142857146	0.109375	0.9995643307054058
GCA_000633085.1_Mycobacterium_tuberculosis_G_12_005_genome	35.46	0.234375	0.9972567875387104
GCA_008824145.1_ASM882414v1	42.753846153846155	0.203125	0.9997513260915946
GCA_000804165.1_ASM80416v1	35.107142857142854	0.21875	0.9962585438757996
GCA_001328295.1_6540_8_19	36.86666666666667	0.234375	0.9977863038976215
GCA_021056305.1_ASM2105630v1	69.28695652173913	0.359375	0.6613622600667207
GCA_017315755.1_ASM1731575v1	42.55714285714286	0.109375	0.9421023910244068
GCA_002000215.1_ASM200021v1	35.46	0.234375	0.9972521828265483
GCA_000514035.1_ASM51403v1	72.51875	0.5	0.9403878262312535
GCA_900709215.1_PRJEB31649_1	35.17142857142857	0.109375	0.9956758088792312
GCA_017933115.1_ASM1793311v1	37.766666666666666	0.09375	0.9904670007955119
GCA_900099985.1_IMG_taxon_2634166206_annotated_assembly	55.24545454545454	0.171875	0.9556193231831457
GCA_002217715.1_ASM221771v1	39.47142857142857	0.109375	0.99342621040585
GCA_013363575.1_ASM1336357v1	42.225	0.125	0.9324658024646475
GCA_009429145.1_ASM942914v1	41.55555555555556	0.140625	0.9432612314999639
GCA_001888885.2_ASM188888v2	39.54545454545455	0.171875	0.9997150268843367
GCA_000695625.1_ASM69562v1	93.29649122807018	0.890625	0.9997483900070406
GCA_003158025.1_20120600_S2M	37.78333333333333	0.1875	0.9510190933199328
GCA_018324255.1_ASM1832425v1	55.56666666666667	0.234375	0.9952164485637006
GCA_000811985.1_ASM81198v1	31.75	0.09375	0.9921279279061654
GCA_003395755.1_ASM339575v1	35.68666666666667	0.234375	0.9976179090926642
GCA_023864955.1_ASM2386495v1	35.17142857142857	0.109375	0.9958409493581595
GCA_003391135.1_ASM339113v1	40.233333333333334	0.140625	0.9821561585012827
GCA_000803905.1_ASM80390v1	35.17142857142857	0.109375	0.9956678840531435
GCA_002551475.1_ASM255147v1	39.27142857142857	0.109375	0.99342621040585
GCA_001210105.1_5477_7_11	36.88	0.234375	0.9980728002813973
GCA_001513975.1_ASM151397v1	32.4	0.09375	0.998820728740589
GCA_002551375.1_ASM255137v1	39.371428571428574	0.109375	0.9934212993773781
GCA_001279495.1_ASM127949v1	35.25	0.125	0.9684095054556016
GCA_003989035.1_ASM398903v1	39.25714285714286	0.109375	0.99342621040585
GCA_001866665.1_ASM186666v1	57.952173913043474	0.359375	0.928003134228214
GCA_014648635.1_ASM1464863v1	68.1076923076923	0.203125	0.9207859278536965
GCA_001195185.1_5319_2_7	36.88666666666667	0.234375	0.9979305594307039
GCA_009864805.1_ASM986480v1	63.50909090909091	0.171875	0.9562025399377844
GCA_014203625.1_ASM1420362v1	37.05555555555556	0.140625	0.8134730096426075
GCA_021165735.1_ASM2116573v1	55.03529411764706	0.265625	0.8517241662646714
GCA_016786345.1_ASM1678634v1	60.0	0.140625	0.9696088849176765
GCA_002703895.1_ASM270389v1	35.18571428571428	0.109375	0.9958132165073093
GCA_000695235.1_ASM69523v1	42.1	0.125	0.9255556540050094
GCA_900176515.1_IMG_taxon_2595698251_annotated_assembly	56.06666666666666	0.1875	0.9312363918111066
GCA_020312275.1_ASM2031227v1	61.18888888888889	0.421875	0.9411461523589051
GCA_003392845.1_ASM339284v1	34.27142857142857	0.21875	0.9968056500081909
GCA_001613425.1_ASM161342v1	31.75	0.09375	0.9921279279061654
GCA_000177655.2_ASM17765v2	49.85	0.25	0.9725398396849618
GCA_003398585.1_ASM339858v1	35.46	0.234375	0.9972980856347411
GCA_003675345.1_ASM367534v1	44.44615384615385	0.203125	0.9007454529928309
GCA_022698285.1_ASM2269828v1	40.03333333333333	0.09375	0.9920907308194478
GCA_003626585.1_ASM362658v1	54.54375	0.25	0.9950448074639321
GCA_001397635.1_6221_2_10	36.906666666666666	0.234375	0.9978528755628878
GCA_000282715.1_ASM28271v1	99.79193548387097	0.96875	0.9999761280928409
GCA_003315795.1_ASM331579v1	32.7	0.109375	0.9965465835413068
GCA_001345315.1_6280_8_9	36.89333333333333	0.234375	0.9979690381438363
GCA_014646335.1_ASM1464633v1	45.56666666666666	0.09375	0.992032365139211
GCA_014648935.1_ASM1464893v1	38.05833333333333	0.1875	0.9968117091260162
GCA_016863215.1_ASM1686321v1	40.542857142857144	0.109375	0.9352640857791648
GCA_000425065.1_ASM42506v1	71.24666666666667	0.46875	0.9434680474808722
GCA_003395885.1_ASM339588v1	35.46	0.234375	0.9973436661449656
GCA_003393915.1_ASM339391v1	35.46	0.234375	0.9973072276016725
GCA_020099395.1_ASM2009939v1	42.98571428571429	0.109375	0.9712004655851956
GCA_902299125.1_PRJEB33814_1	37.59230769230769	0.203125	0.9963986587554214
GCA_003688915.1_ASM368891v1	44.18333333333333	0.09375	0.8200897610561335
GCA_021246025.1_ASM2124602v1	59.707142857142856	0.21875	0.9454742785020092
GCA_010548375.1_ASM1054837v1	41.7	0.109375	0.9819229509470868
GCA_014648795.1_ASM1464879v1	35.2625	0.125	0.9684132669596457
GCA_002703765.1_ASM270376v1	35.18571428571428	0.109375	0.9956916419794752
GCA_000716785.1_ASM71678v1	84.81063829787234	0.734375	0.9829955012664384
GCA_014648475.1_ASM1464847v1	40.62	0.15625	0.9519237072692716
GCA_001279855.1_ASM127985v1	35.1	0.125	0.9684912045387983
GCA_017876625.1_ASM1787662v1	36.2	0.109375	0.9924038180508135
GCA_003516205.1_ASM351620v1	42.628571428571426	0.109375	0.9638774102710506
GCA_000716755.1_ASM71675v1	44.74285714285714	0.109375	0.9912800337644523
GCA_023845045.1_ASM2384504v1	72.34242424242424	0.515625	0.9444000279111034
GCA_000696405.1_ASM69640v1	99.79193548387097	0.96875	0.9999761164775411
GCA_000718775.1_ASM71877v1	61.25	0.15625	0.9766190441170519
GCA_001531145.1_ASM153114v1	34.9125	0.125	0.9682123567079679
GCA_002189675.2_ASM218967v2	47.3	0.125	0.9919964417382431
GCA_003582025.1_ASM358202v1	31.583333333333332	0.1875	0.997757405262974
GCA_014596915.1_ASM1459691v1	33.68571428571428	0.109375	0.9076489972720163
GCA_900090325.1_IMG_taxon_2636415968_annotated_assembly	54.15714285714286	0.21875	0.9951776114916444
GCA_000720455.1_ASM72045v1	35.0875	0.125	0.9710467421971445
GCA_008704795.1_ASM870479v1	40.96666666666667	0.09375	0.9936846605259206
GCA_003392605.1_ASM339260v1	34.27142857142857	0.21875	0.9968056500081908
GCA_000804025.1_ASM80402v1	35.17142857142857	0.109375	0.9956281773365139
GCA_009834145.1_ASM983414v1	48.285714285714285	0.109375	0.9743322802228521
GCA_000716885.1_ASM71688v1	32.84285714285714	0.109375	0.9999835325396786
GCA_021892415.1_ASM2189241v1	68.0	0.15625	0.9858071282121268
GCA_001317865.1_5227_8_2	36.88666666666667	0.234375	0.9980328818291581
GCA_024171845.1_ASM2417184v1	40.62	0.15625	0.9519237072692716
GCA_003851665.1_ASM385166v1	41.114285714285714	0.109375	0.9895740880439381
GCA_014489635.1_ASM1448963v1	40.7	0.109375	0.9897889489602683
GCA_900140125.1_10665_2_64	36.97692307692308	0.203125	0.9980003448044398
GCA_002209125.2_ASM220912v2	31.4	0.09375	0.9921279279061654
GCA_015476985.1_ASM1547698v1	35.07692307692308	0.203125	0.9661820330825992
GCA_013423905.1_ASM1342390v1	48.72857142857143	0.109375	0.974378272116198
GCA_000720885.1_ASM72088v1	42.34444444444445	0.140625	0.9419812677709004
GCA_003667485.1_ASM366748v1	32.522222222222226	0.140625	0.9323041961607771
GCA_002155975.1_ASM215597v1	90.99636363636364	0.859375	0.9908160153401508
GCA_001700505.1_ASM170050v1	52.96923076923077	0.203125	0.9995585296468229
GCA_000023245.1_ASM2324v1	42.52857142857143	0.109375	0.9637208227898081
GCA_903992695.1_Q1129	35.446666666666665	0.234375	0.9972659873597947
GCA_014138855.1_ASM1413885v1	48.285714285714285	0.109375	0.9743801573712629
GCA_020312145.1_ASM2031214v1	61.58518518518518	0.421875	0.9639989990870911
GCA_023865055.1_ASM2386505v1	37.346666666666664	0.234375	0.9983550093510375
GCA_002102355.1_ASM210235v1	32.36666666666667	0.09375	0.9997353490348753
GCA_002982215.1_ASM298221v1	35.46	0.234375	0.9971836794997204
GCA_003351365.1_ASM335136v1	49.8875	0.25	0.9944707339593504
GCA_001855515.1_ASM185551v1	49.918749999999996	0.25	0.9798092957996443
GCA_001208685.1_6505_4_4	43.50909090909091	0.171875	0.9996562427202186
GCA_900090315.1_IMG_taxon_2623620569_annotated_assembly	55.17857142857143	0.21875	0.9526321121292414
GCA_019029485.1_ASM1902948v1	42.76	0.15625	0.9975863116154193
GCA_023864725.1_ASM2386472v1	35.17142857142857	0.109375	0.9956678840531437
GCA_003002815.1_ASM300281v1	43.8875	0.125	0.9359510807812753
GCA_000803725.1_ASM80372v1	35.17142857142857	0.109375	0.9953382702486067
GCA_003398905.1_ASM339890v1	34.27142857142857	0.21875	0.9967295580802421
GCA_000718025.1_ASM71802v1	36.7	0.09375	0.991722135057402
GCA_011170125.1_ASM1117012v1	37.69166666666666	0.1875	0.9967920549479906
GCA_000373845.1_ASM37384v1	72.50625	0.5	0.9394549242664445
GCA_017876325.1_ASM1787632v1	31.7	0.140625	0.9941238230240085
GCA_900114955.1_IMG_taxon_2609459763_annotated_assembly	44.23076923076923	0.203125	0.9659244665449779
GCA_000743295.1_ASM74329v1	39.457142857142856	0.109375	0.99342621040585
GCA_004349215.1_ASM434921v1	53.24583333333333	0.375	0.9489721280207192
GCA_900104815.1_IMG_taxon_2634166373_annotated_assembly	48.81428571428572	0.109375	0.9743764518310403
GCA_001083795.1_Nocardiopsis_sp_SBT349_SPAdes_SSPACE	55.28	0.234375	0.9894260814875144
GCA_014651135.1_ASM1465113v1	40.37777777777778	0.140625	0.9973370037897903
GCA_023864375.1_ASM2386437v1	35.17142857142857	0.109375	0.9958409493581595
GCA_023242985.1_ASM2324298v1	54.19285714285714	0.21875	0.9315379609170233
GCA_014648855.1_ASM1464885v1	68.56666666666666	0.28125	0.9730600941698876
GCA_023864895.1_ASM2386489v1	35.46666666666667	0.234375	0.9973753793754809
GCA_002863225.1_ASM286322v1	36.471428571428575	0.21875	0.9985862671243813
GCA_014650735.1_ASM1465073v1	55.43125	0.25	0.9642147967352006
GCA_024611995.1_ASM2461199v1	69.2	0.328125	0.9736993976044708
GCA_016432735.1_ASM1643273v1	43.166666666666664	0.140625	0.9998292348036544
GCA_002082605.1_ASM208260v1	42.3375	0.125	0.9994245371858043
GCA_016654065.1_ASM1665406v1	39.42857142857143	0.109375	0.99342621040585
GCA_001652895.1_ASM165289v1	37.775	0.1875	0.9866240981873391
GCA_001418505.1_ASM141850v1	47.85	0.28125	0.9886409557170596
GCA_023864235.1_ASM2386423v1	35.46	0.234375	0.99737085869223
GCA_014650555.1_ASM1465055v1	43.82	0.15625	0.8078698043286398
GCA_902825365.1_A38	60.9	0.125	0.9996255499214017
GCA_024171945.1_ASM2417194v1	41.75	0.1875	0.9433372672688953
GCA_024448175.1_ASM2444817v1	69.00526315789473	0.296875	0.9381747628313143
GCA_003949695.1_ASM394969v1	39.285714285714285	0.109375	0.9923311656066238
GCA_000749725.1_ASM74972v1	35.46666666666667	0.234375	0.997298085634741
GCA_900091875.1_IMG_taxon_2657245706_annotated_assembly	53.56923076923077	0.203125	0.9996197615619642
GCA_001212345.1_5505_8_7	36.873333333333335	0.234375	0.9980086066142586
GCA_016612575.1_ASM1661257v1	39.42857142857143	0.109375	0.9938932748193863
GCA_014654365.1_ASM1465436v1	39.8	0.15625	0.9408721117383284
GCA_000718255.1_ASM71825v1	30.1	0.09375	0.998855824783798
GCA_001280125.1_ASM128012v1	51.19166666666667	0.1875	0.9996376588071287
GCA_000717585.1_ASM71758v1	50.1625	0.25	0.9934065891262988
GCA_003116755.1_ASM311675v1	40.53333333333333	0.140625	0.9816011006345873
GCA_900090265.1_IMG_taxon_2623620551_annotated_assembly	72.5102564102564	0.609375	0.9927704513649509
GCA_023502025.1_ASM2350202v1	36.38333333333333	0.09375	0.9327645806276246
GCA_023864415.1_ASM2386441v1	35.17142857142857	0.109375	0.9957704753114993
GCA_004104485.1_ASM410448v1	48.3	0.109375	0.9743854553585287
GCA_002005225.1_ASM200522v1	43.68571428571428	0.109375	0.9992522423314849
GCA_001468445.1_ASM146844v1	35.733333333333334	0.234375	0.997644302254119
GCA_002847285.1_ASM284728v1	42.74285714285714	0.109375	0.9715096484600659
GCA_023864675.1_ASM2386467v1	34.26428571428571	0.21875	0.9968144278050342
GCA_013345665.1_ASM1334566v1	62.41	0.15625	0.9479519539060344
GCA_000744705.1_ASM74470v1	38.081818181818186	0.171875	0.9577111694051796
GCA_001279905.1_ASM127990v1	35.0	0.125	0.9713173600505961
GCA_003396705.1_ASM339670v1	34.27142857142857	0.21875	0.9967466040751002
GCA_000196835.1_ASM19683v1	99.78387096774193	0.96875	0.999976116477541
GCA_002354875.1_ASM235487v1	42.72857142857143	0.109375	0.9896283982729839
GCA_001735805.1_ASM173580v1	48.128571428571426	0.109375	0.9739786034769462
GCA_002704035.1_ASM270403v1	35.46666666666667	0.234375	0.9972659873597947
GCA_000372545.3_MTB_PR05_version_2	37.42857142857143	0.109375	0.9956678840531437
GCA_014930415.1_ASM1493041v1	43.388888888888886	0.140625	0.9758136420407726
GCA_008704475.1_ASM870447v1	32.957142857142856	0.109375	0.9999802566090835
GCA_900290435.1_S2	36.91428571428571	0.109375	0.9924029151483621
GCA_024171695.1_ASM2417169v1	41.1375	0.125	0.9919504609172514
GCA_900091315.1_IMG_taxon_2657245700_annotated_assembly	43.385714285714286	0.109375	0.9915328343484705
GCA_023864845.1_ASM2386484v1	35.17142857142857	0.109375	0.995715350184856
GCA_000375125.1_ASM37512v1	72.4	0.5	0.9408644464736649
GCA_009745975.1_ASM974597v1	62.36153846153846	0.203125	0.9537506003609365
GCA_024171925.1_ASM2417192v1	41.425	0.1875	0.9779981529938508
GCA_002028425.1_ASM202842v1	40.8375	0.125	0.9199030696280162
GCA_002703875.1_ASM270387v1	35.18571428571428	0.109375	0.9956758088792312
GCA_017969025.1_ASM1796902v1	38.1	0.09375	0.9905210127125559
GCA_020177455.1_ASM2017745v1	56.54347826086956	0.359375	0.9253537713862356
GCA_000804005.1_ASM80400v1	35.17142857142857	0.109375	0.9952236501159302
GCA_013813135.1_ASM1381313v1	37.8	0.109375	0.9960631027987434
GCA_009870095.1_ASM987009v1	63.486363636363635	0.34375	0.9836675685023544
GCA_023544735.1_ASM2354473v1	56.449999999999996	0.1875	0.9536846026318495
GCA_000725555.1_Doro.v1.0	34.8	0.125	0.968665008218041
GCA_003846285.1_ASM384628v1	37.55833333333333	0.1875	0.9967758644784024
GCA_018883605.1_ASM1888360v1	47.22857142857143	0.21875	0.9807817369648164
GCA_001345355.1_6180_2_1	36.9	0.234375	0.9978650065622606
GCA_021029465.1_ASM2102946v1	52.96	0.15625	0.9879284023613022
GCA_014649875.1_ASM1464987v1	39.385714285714286	0.109375	0.99342621040585
GCA_003675325.1_ASM367532v1	53.26	0.15625	0.9882510869024821
GCA_002703695.1_ASM270369v1	35.46666666666667	0.234375	0.9973500548708369
GCA_000378645.1_ASM37864v1	72.38125	0.5	0.9408642502076747
GCA_000313215.2_ASM31321v2	35.46	0.234375	0.9973097509882292
GCA_002021875.1_ASM202187v1	64.77692307692308	0.203125	0.9199152809409477
GCA_008312835.1_ASM831283v1	40.56153846153846	0.203125	0.9603207219138801
GCA_007896895.1_ASM789689v1	48.60625	0.25	0.9615421706742695
GCA_017308975.1_ASM1730897v1	82.43157894736842	0.59375	0.9995770710925452
GCA_900157385.1_PRJEB19184	35.94375	0.25	0.7456523965088308
GCA_001210525.1_5505_8_11	36.88	0.234375	0.9980049922651864
GCA_016103465.1_ASM1610346v1	44.94285714285714	0.109375	0.9951414317872394
GCA_015751905.1_ASM1575190v1	36.95454545454545	0.171875	0.9903468558395621
GCA_015627275.1_ASM1562727v1	35.142857142857146	0.109375	0.9958487518284276
